4 2 2 0.5 250000.0 1.8 3240000.0 2321.211824817518
1 1 6 1.512 2286144.0 1.8 3240000.0 2576.7134210526315
4 3 1 1.0 1000000.0 1.608 2585664.0 2595.3138484848478
8 0 0 1.608 2585664.0 0.667 444889.0 2710.9393333333337
1 6 1 1.908 3640464.0 1.608 2585664.0 2779.157755102042
3 3 2 1.398 1954404.0 1.608 2585664.0 2882.3240458015275
1 5 2 0.5 250000.0 1.0 1000000.0 2181.648523878436
3 4 1 0.667 444889.0 0.667 444889.0 2428.333131991052
2 0 6 1.8 3240000.0 1.608 2585664.0 2660.6784699453547
2 1 5 1.512 2286144.0 1.398 1954404.0 2497.662700892858
1 4 3 1.704 2903616.0 0.5 250000.0 2217.843897058823
4 4 0 1.704 2903616.0 1.2 1440000.0 2897.7565725806458
2 1 5 1.512 2286144.0 1.2 1440000.0 2422.7941030927823
4 1 3 1.608 2585664.0 1.0 1000000.0 2420.9735152838425
1 0 7 1.398 1954404.0 0.5 250000.0 2140.298457321849
3 4 1 1.0 1000000.0 0.5 250000.0 2514.994268656716
4 4 0 0.667 444889.0 1.608 2585664.0 2391.9
1 7 0 1.8 3240000.0 1.2 1440000.0 2690.0267637540455
8 0 0 0.667 444889.0 1.704 2903616.0 2326.6933280000007
3 0 5 1.608 2585664.0 0.5 250000.0 2216.7469349112434
2 3 3 1.8 3240000.0 1.704 2903616.0 2686.2641944444445
5 0 3 1.8 3240000.0 1.8 3240000.0 2977.7484645669265
1 4 3 1.0 1000000.0 0.667 444889.0 2179.8569642857133
2 1 5 1.512 2286144.0 1.512 2286144.0 2455.8829767441866
1 4 3 0.667 444889.0 0.667 444889.0 2145.94179551122
2 2 4 1.704 2903616.0 1.2 1440000.0 2462.4624288840273
1 5 2 1.908 3640464.0 1.608 2585664.0 2698.713310810811
1 7 0 1.8 3240000.0 0.667 444889.0 2622.2020253164555
3 0 5 1.0 1000000.0 1.608 2585664.0 2555.7197321428566
2 5 1 1.398 1954404.0 1.608 2585664.0 2670.160035087717
2 1 5 1.2 1440000.0 1.704 2903616.0 2494.0470379146946
4 4 0 0.667 444889.0 1.704 2903616.0 2350.2258681318685
4 0 4 1.512 2286144.0 0.667 444889.0 2268.1127474402715
3 2 3 1.8 3240000.0 1.398 1954404.0 2576.2748586118264
5 3 0 0.5 250000.0 0.5 250000.0 2300.9249083503046
5 2 1 1.608 2585664.0 0.667 444889.0 2882.941279620854
1 7 0 0.5 250000.0 1.398 1954404.0 1910.3827968337748
1 0 7 1.0 1000000.0 1.704 2903616.0 1915.647905982906
3 3 2 1.512 2286144.0 1.398 1954404.0 2308.7231538461538
5 2 1 0.667 444889.0 1.2 1440000.0 1419.3184164222876
2 4 2 1.908 3640464.0 1.2 1440000.0 1948.6125
1 7 0 0.5 250000.0 1.608 2585664.0 1446.5391590013144
2 3 3 1.908 3640464.0 0.5 250000.0 1614.690925221801
8 0 0 0.5 250000.0 1.0 1000000.0 1520.8027571115963
5 2 1 1.0 1000000.0 1.608 2585664.0 1699.048814229249
5 3 0 1.608 2585664.0 1.8 3240000.0 2913.7812019230773
5 2 1 1.398 1954404.0 1.704 2903616.0 1341.1764018691586
5 0 3 1.512 2286144.0 1.704 2903616.0 2698.2168029739773
2 5 1 1.608 2585664.0 1.608 2585664.0 2012.0228413284121
4 3 1 1.2 1440000.0 1.512 2286144.0 1927.6409440559435
3 2 3 1.608 2585664.0 1.704 2903616.0 1688.0140055248621
2 2 4 1.908 3640464.0 1.608 2585664.0 2167.5271208226204
1 2 5 1.398 1954404.0 1.8 3240000.0 1719.6460180995482
2 5 1 1.512 2286144.0 1.608 2585664.0 1075.371010830325
5 2 1 1.8 3240000.0 0.667 444889.0 1150.674900990099
3 3 2 1.704 2903616.0 0.667 444889.0 2372.9004934210525
4 4 0 1.908 3640464.0 1.2 1440000.0 1485.6208368200835
2 2 4 0.667 444889.0 1.608 2585664.0 1507.441283095723
1 4 3 0.667 444889.0 1.512 2286144.0 1493.2937500000014
5 3 0 1.8 3240000.0 1.8 3240000.0 899.0705499999997
3 1 4 1.704 2903616.0 1.704 2903616.0 2047.8662500000003
2 2 4 1.8 3240000.0 0.5 250000.0 1660.936527293843
3 4 1 1.0 1000000.0 1.8 3240000.0 1713.6703749999992
4 1 3 1.608 2585664.0 1.398 1954404.0 1216.2716103896105
4 0 4 1.0 1000000.0 0.667 444889.0 1833.4332941176488
5 1 2 1.908 3640464.0 1.398 1954404.0 3234.3638118811887
2 4 2 1.512 2286144.0 1.0 1000000.0 2375.8191166077727
2 2 4 1.908 3640464.0 1.398 1954404.0 2083.320429594273
6 1 1 1.608 2585664.0 0.667 444889.0 2601.840396039604
2 6 0 1.704 2903616.0 1.8 3240000.0 2309.897282608698
5 2 1 1.2 1440000.0 1.398 1954404.0 2563.190649350651
1 7 0 1.608 2585664.0 0.667 444889.0 2388.1328228228226
1 3 4 1.608 2585664.0 1.398 1954404.0 2368.7743939393936
1 4 3 1.704 2903616.0 1.608 2585664.0 1884.578704156479
3 5 0 0.667 444889.0 1.0 1000000.0 2179.6250109890107
4 4 0 1.2 1440000.0 1.608 2585664.0 2288.174496644295
5 1 2 1.608 2585664.0 0.5 250000.0 563.1692715231787
5 3 0 1.398 1954404.0 1.512 2286144.0 3782.7862666666665
1 4 3 1.398 1954404.0 1.398 1954404.0 2567.0191611479017
1 3 4 1.704 2903616.0 1.512 2286144.0 1841.8572540045764
4 0 4 0.5 250000.0 1.704 2903616.0 1191.3373096446708
4 1 3 1.512 2286144.0 1.608 2585664.0 1373.896775956284
4 1 3 1.398 1954404.0 0.667 444889.0 1713.3920667726557
4 3 1 1.398 1954404.0 1.704 2903616.0 1883.4509541984748
2 2 4 1.908 3640464.0 0.667 444889.0 1591.0448240469213
2 6 0 1.908 3640464.0 1.2 1440000.0 1758.7560150375948
1 4 3 1.0 1000000.0 1.398 1954404.0 1864.7394949494972
1 2 5 1.704 2903616.0 1.608 2585664.0 1733.744832214767
6 1 1 1.608 2585664.0 1.0 1000000.0 2021.4295945945955
3 3 2 1.908 3640464.0 0.5 250000.0 1967.117352941175
2 5 1 1.8 3240000.0 1.512 2286144.0 1914.8781060606063
5 1 2 1.0 1000000.0 1.512 2286144.0 2075.2807228915685
4 2 2 1.8 3240000.0 1.608 2585664.0 1944.9546502057615
1 3 4 1.704 2903616.0 0.667 444889.0 1634.3583149171286
5 1 2 1.8 3240000.0 1.8 3240000.0 2819.1268393782384
7 1 0 1.8 3240000.0 1.398 1954404.0 1907.2542953020127
4 1 3 1.398 1954404.0 0.667 444889.0 1649.0262679425837
1 2 5 1.704 2903616.0 0.667 444889.0 1534.8924540682424
2 6 0 1.0 1000000.0 1.2 1440000.0 1915.1353693181823
4 0 4 1.908 3640464.0 1.512 2286144.0 1171.6145222929945
6 1 1 1.908 3640464.0 1.704 2903616.0 2707.4443893129765
4 2 2 1.704 2903616.0 1.398 1954404.0 1297.5901200000005
1 7 0 1.512 2286144.0 0.5 250000.0 2096.723353115727
6 1 1 1.2 1440000.0 1.608 2585664.0 1172.9147851002863
2 6 0 1.398 1954404.0 1.0 1000000.0 2167.055288135593
3 1 4 1.2 1440000.0 1.704 2903616.0 1720.9795918367354
2 1 5 1.398 1954404.0 0.5 250000.0 1395.603870625664
5 3 0 0.667 444889.0 1.8 3240000.0 1652.1496398891984
5 2 1 1.704 2903616.0 1.398 1954404.0 1811.6018090452264
2 0 6 1.512 2286144.0 1.398 1954404.0 1861.0621167883219
1 0 7 1.608 2585664.0 1.704 2903616.0 1733.143927038626
4 3 1 1.8 3240000.0 0.667 444889.0 2704.1729435483867
4 4 0 1.704 2903616.0 0.5 250000.0 2741.3428235294114
3 3 2 0.5 250000.0 0.5 250000.0 2131.0443069306925
2 6 0 1.2 1440000.0 1.8 3240000.0 2280.6798107255504
1 1 6 1.0 1000000.0 1.608 2585664.0 1820.1262500000005
1 3 4 1.512 2286144.0 0.5 250000.0 1433.956929922134
5 3 0 1.0 1000000.0 0.667 444889.0 1726.9225367647057
1 3 4 1.8 3240000.0 0.5 250000.0 1676.8621557562076
3 5 0 1.398 1954404.0 1.0 1000000.0 1607.0495017793596
1 1 6 1.908 3640464.0 0.5 250000.0 1505.2527379784115
7 1 0 1.2 1440000.0 1.608 2585664.0 1295.8750383631705
1 2 5 1.0 1000000.0 1.512 2286144.0 1986.5216699410605
4 4 0 1.908 3640464.0 1.512 2286144.0 2861.4950420168075
2 1 5 1.0 1000000.0 1.704 2903616.0 1511.5092165898618
1 0 7 1.0 1000000.0 1.0 1000000.0 1807.087049418605
4 2 2 1.0 1000000.0 1.608 2585664.0 1638.4464724919087
6 2 0 0.5 250000.0 1.0 1000000.0 1543.3926533333336
4 3 1 1.8 3240000.0 1.608 2585664.0 2661.9404201680677
3 0 5 1.398 1954404.0 1.8 3240000.0 1835.379904761905
2 3 3 1.0 1000000.0 0.5 250000.0 1360.2440772014484
1 6 1 1.608 2585664.0 1.704 2903616.0 1692.7010835913304
1 7 0 0.5 250000.0 1.2 1440000.0 1405.3228533685606
1 3 4 1.608 2585664.0 1.8 3240000.0 1670.8441545893734
1 7 0 1.908 3640464.0 1.512 2286144.0 1883.0292207792234
4 2 2 1.2 1440000.0 1.0 1000000.0 1646.6784374999997
3 4 1 0.667 444889.0 1.2 1440000.0 1607.2537149532718
1 4 3 1.908 3640464.0 1.608 2585664.0 1918.9233333333325
2 5 1 1.398 1954404.0 1.8 3240000.0 2005.6240845070402
5 0 3 1.8 3240000.0 1.8 3240000.0 2153.505461538461
6 0 2 1.512 2286144.0 1.398 1954404.0 1815.548943894389
1 4 3 1.398 1954404.0 0.667 444889.0 1529.138790087463
1 4 3 1.704 2903616.0 1.704 2903616.0 1468.7053482587048
4 3 1 0.667 444889.0 0.667 444889.0 2317.688221709007
1 3 4 1.0 1000000.0 1.704 2903616.0 1824.5912447257367
4 3 1 1.0 1000000.0 1.608 2585664.0 1756.6538607594937
5 2 1 1.398 1954404.0 0.667 444889.0 2694.615422222219
4 0 4 1.8 3240000.0 1.8 3240000.0 1823.3671328671328
1 0 7 1.8 3240000.0 1.0 1000000.0 1515.1289610389608
6 2 0 1.2 1440000.0 1.8 3240000.0 1324.3710084033605
8 0 0 0.5 250000.0 1.2 1440000.0 1760.85156043956
6 1 1 1.512 2286144.0 0.5 250000.0 2537.1685060975606
2 5 1 1.398 1954404.0 1.8 3240000.0 2505.710139860141
5 3 0 0.5 250000.0 1.512 2286144.0 2278.786997971604
6 2 0 1.0 1000000.0 1.8 3240000.0 1557.2080684596579
3 3 2 1.8 3240000.0 0.5 250000.0 2215.9532748538004
6 1 1 1.8 3240000.0 1.0 1000000.0 1690.5908273381294
3 3 2 0.5 250000.0 0.5 250000.0 1019.860850722311
2 4 2 1.0 1000000.0 1.0 1000000.0 1604.3706481481481
2 2 4 1.398 1954404.0 1.704 2903616.0 1328.6040050377835
5 3 0 1.512 2286144.0 1.8 3240000.0 1798.6173584905675
2 2 4 0.667 444889.0 1.512 2286144.0 1561.5278174603172
1 4 3 1.608 2585664.0 1.8 3240000.0 1700.5859649122801
2 1 5 1.8 3240000.0 1.704 2903616.0 1190.6223267326736
1 6 1 0.667 444889.0 0.5 250000.0 1692.9383364839316
1 4 3 1.2 1440000.0 1.608 2585664.0 1568.1141071428563
3 5 0 0.667 444889.0 1.608 2585664.0 1344.1046681415926
1 2 5 1.8 3240000.0 1.8 3240000.0 1799.4722222222222
3 4 1 1.0 1000000.0 1.608 2585664.0 1393.5604687500004
4 4 0 1.2 1440000.0 1.2 1440000.0 1526.6673063973055
4 1 3 1.608 2585664.0 0.667 444889.0 1380.9447727272716
2 5 1 1.608 2585664.0 1.398 1954404.0 1568.0347985347976
4 4 0 1.2 1440000.0 1.0 1000000.0 1319.9783838383837
1 4 3 1.0 1000000.0 0.5 250000.0 1374.294256526674
4 4 0 1.608 2585664.0 0.667 444889.0 1609.5448031496064
2 0 6 0.5 250000.0 1.608 2585664.0 2122.8068103448277
5 3 0 1.704 2903616.0 1.512 2286144.0 1402.754589371981
6 1 1 1.512 2286144.0 1.0 1000000.0 1816.092475570033
1 1 6 1.8 3240000.0 1.512 2286144.0 1427.17254385965
1 2 5 1.908 3640464.0 1.512 2286144.0 1601.3969469026563
3 1 4 1.512 2286144.0 1.608 2585664.0 1597.1496907216497
2 5 1 1.608 2585664.0 1.0 1000000.0 1316.5967883211688
2 4 2 1.608 2585664.0 1.0 1000000.0 1501.9136823104693
3 4 1 1.608 2585664.0 1.2 1440000.0 1832.289533073931
2 3 3 1.8 3240000.0 1.608 2585664.0 2061.0088800000003
2 4 2 0.667 444889.0 1.398 1954404.0 1104.2002421307504
6 2 0 0.667 444889.0 1.0 1000000.0 1355.4087783595116
2 6 0 1.8 3240000.0 1.0 1000000.0 1499.669151291513
3 1 4 1.0 1000000.0 0.667 444889.0 1405.66224137931
4 0 4 1.608 2585664.0 0.5 250000.0 1478.3526762402093
1 2 5 0.667 444889.0 0.667 444889.0 1222.4260526315775
2 3 3 1.512 2286144.0 1.608 2585664.0 1811.182997416022
4 3 1 1.908 3640464.0 0.5 250000.0 1361.7462948207178
1 7 0 1.0 1000000.0 1.608 2585664.0 1447.3974939759023
6 1 1 0.667 444889.0 1.398 1954404.0 1620.0965765765761
7 1 0 1.0 1000000.0 1.704 2903616.0 1416.3099550561803
1 5 2 1.398 1954404.0 1.512 2286144.0 1136.3118373493976
1 1 6 1.2 1440000.0 1.608 2585664.0 1538.9201762114517
3 5 0 1.0 1000000.0 1.608 2585664.0 1785.4804776119406
2 1 5 1.908 3640464.0 1.2 1440000.0 1579.1060995850612
2 4 2 1.8 3240000.0 1.8 3240000.0 1943.6177343750012
1 1 6 1.398 1954404.0 1.608 2585664.0 1614.629822616408
2 5 1 1.908 3640464.0 0.667 444889.0 1506.5854339622636
1 3 4 0.5 250000.0 1.398 1954404.0 1475.1411642949531
1 4 3 0.667 444889.0 0.667 444889.0 1220.503337468984
6 0 2 1.512 2286144.0 1.8 3240000.0 1584.2444932432434
4 1 3 1.512 2286144.0 1.398 1954404.0 1228.7375447570328
3 3 2 1.704 2903616.0 1.608 2585664.0 1976.8628744939272
4 0 4 1.8 3240000.0 1.608 2585664.0 2640.453696369638
5 1 2 0.5 250000.0 1.8 3240000.0 1443.6668115942027
7 0 1 1.398 1954404.0 1.2 1440000.0 1622.719237536657
1 1 6 1.512 2286144.0 1.512 2286144.0 1858.4520697167757
4 1 3 0.667 444889.0 1.704 2903616.0 1671.4818518518516
1 6 1 1.512 2286144.0 1.8 3240000.0 1411.0958966565343
2 6 0 0.667 444889.0 1.512 2286144.0 1380.809823008848
2 6 0 1.398 1954404.0 1.2 1440000.0 2122.2547491638798
3 1 4 1.8 3240000.0 1.2 1440000.0 1464.794346846848
1 3 4 1.608 2585664.0 1.398 1954404.0 1411.84102173913
1 1 6 1.8 3240000.0 1.8 3240000.0 1655.4649760765556
1 4 3 0.667 444889.0 1.704 2903616.0 1553.2790088495565
7 1 0 1.608 2585664.0 0.5 250000.0 1862.8667781155023
5 3 0 1.398 1954404.0 0.667 444889.0 1197.9046491228069
7 1 0 1.704 2903616.0 0.5 250000.0 1579.473108974359
7 1 0 1.398 1954404.0 1.8 3240000.0 2069.8183381088843
3 2 3 1.8 3240000.0 1.2 1440000.0 2644.9501187648457
8 0 0 1.0 1000000.0 1.8 3240000.0 1224.2758597285076
6 2 0 0.5 250000.0 1.704 2903616.0 1091.7091350710914
2 5 1 1.704 2903616.0 1.0 1000000.0 1100.472862453532
4 1 3 1.512 2286144.0 1.398 1954404.0 3802.5977862595423
4 3 1 0.667 444889.0 1.0 1000000.0 2341.154197247705
5 1 2 1.608 2585664.0 0.667 444889.0 398.5784189723319
4 2 2 1.2 1440000.0 0.667 444889.0 2395.7127725856694
2 2 4 1.908 3640464.0 0.5 250000.0 1299.498676122931
3 5 0 1.512 2286144.0 1.2 1440000.0 2624.574871794869
5 1 2 1.398 1954404.0 0.5 250000.0 1986.4613220338986
3 4 1 1.8 3240000.0 1.8 3240000.0 796.2919512195118
1 2 5 1.512 2286144.0 0.5 250000.0 1445.9922950819682
7 0 1 1.0 1000000.0 1.608 2585664.0 1623.2095622119805
3 5 0 1.704 2903616.0 0.667 444889.0 2068.5096577946765
5 0 3 1.0 1000000.0 1.2 1440000.0 1314.415512048193
2 6 0 1.704 2903616.0 1.0 1000000.0 1353.4149090909088
1 1 6 1.0 1000000.0 1.512 2286144.0 1733.9945815899573
5 0 3 0.5 250000.0 1.2 1440000.0 1422.3087248322145
4 1 3 1.512 2286144.0 1.0 1000000.0 1415.3343162393173
5 0 3 1.908 3640464.0 0.667 444889.0 1570.9643691148767
1 3 4 1.704 2903616.0 1.0 1000000.0 1705.532578849723
1 7 0 1.8 3240000.0 1.704 2903616.0 2046.347802547771
4 2 2 0.667 444889.0 1.2 1440000.0 1725.687872340426
2 6 0 1.8 3240000.0 1.704 2903616.0 1969.722639405205
3 5 0 0.5 250000.0 0.5 250000.0 1321.6536006051433
3 2 3 1.2 1440000.0 1.608 2585664.0 1225.2621994884914
3 4 1 0.667 444889.0 1.608 2585664.0 1631.4996955503527
7 0 1 0.667 444889.0 1.608 2585664.0 1398.3683724832213
6 1 1 1.8 3240000.0 1.398 1954404.0 1533.647222222222
3 2 3 1.908 3640464.0 0.667 444889.0 1496.2204967948724
6 2 0 1.8 3240000.0 1.512 2286144.0 1258.2739130434782
8 0 0 1.512 2286144.0 1.0 1000000.0 2169.2780307692306
5 2 1 1.8 3240000.0 0.5 250000.0 956.6603791469195
5 3 0 1.704 2903616.0 0.5 250000.0 3179.6957004830924
6 1 1 1.704 2903616.0 0.5 250000.0 1259.2101644736836
4 3 1 1.0 1000000.0 0.667 444889.0 1485.9274772036472
4 2 2 1.2 1440000.0 0.667 444889.0 1755.9419937694709
4 4 0 1.908 3640464.0 1.608 2585664.0 1273.996291666667
2 0 6 1.0 1000000.0 0.5 250000.0 1216.459010416666
1 4 3 1.512 2286144.0 1.8 3240000.0 1853.9342222222222
1 0 7 1.704 2903616.0 1.0 1000000.0 1321.0821915820025
4 2 2 1.2 1440000.0 1.2 1440000.0 1591.5077112676063
1 5 2 1.398 1954404.0 1.608 2585664.0 1902.8313595166146
5 3 0 1.704 2903616.0 0.667 444889.0 2094.6784951456307
5 2 1 1.0 1000000.0 1.0 1000000.0 1547.1881960784317
3 4 1 1.2 1440000.0 1.0 1000000.0 1531.0046341463403
1 7 0 1.398 1954404.0 0.667 444889.0 1583.5292528735633
5 0 3 1.512 2286144.0 1.8 3240000.0 1656.13325670498
1 4 3 1.512 2286144.0 1.608 2585664.0 1700.5373222748822
2 2 4 1.608 2585664.0 1.512 2286144.0 1520.9971813725494
6 2 0 1.908 3640464.0 1.398 1954404.0 1683.1663018867928
5 2 1 1.908 3640464.0 0.667 444889.0 2061.510599999999
2 3 3 1.8 3240000.0 1.0 1000000.0 1362.9523628691986
1 7 0 1.2 1440000.0 1.512 2286144.0 1612.9256032171588
1 4 3 1.704 2903616.0 1.2 1440000.0 1445.3038888888905
1 6 1 0.667 444889.0 1.704 2903616.0 1690.1550493096659
7 0 1 1.8 3240000.0 1.2 1440000.0 1638.676033898305
1 3 4 1.908 3640464.0 1.704 2903616.0 1581.672727272726
2 5 1 1.908 3640464.0 0.5 250000.0 1650.7222302158264
5 0 3 1.608 2585664.0 1.704 2903616.0 1505.4326568265687
4 3 1 0.667 444889.0 1.398 1954404.0 1457.1345774647887
1 3 4 1.398 1954404.0 1.704 2903616.0 1559.5551972157766
4 2 2 0.667 444889.0 0.5 250000.0 1689.1332087912094
2 2 4 1.398 1954404.0 1.0 1000000.0 1401.9047674418605
2 0 6 1.512 2286144.0 1.512 2286144.0 1608.3026410256425
1 4 3 1.2 1440000.0 1.512 2286144.0 1556.3104194260486
3 4 1 1.398 1954404.0 0.5 250000.0 1778.1042758620683
2 6 0 1.2 1440000.0 1.8 3240000.0 1288.3042857142848
2 4 2 1.0 1000000.0 1.608 2585664.0 2084.1122468354433
3 5 0 1.2 1440000.0 0.5 250000.0 1158.8410526315788
3 3 2 1.0 1000000.0 1.704 2903616.0 1744.2502903225813
1 7 0 1.398 1954404.0 1.704 2903616.0 1853.080541310542
1 6 1 1.0 1000000.0 1.398 1954404.0 1592.8177525252524
5 2 1 1.8 3240000.0 0.5 250000.0 2522.9488625592408
6 1 1 1.704 2903616.0 1.512 2286144.0 1614.5879929577463
1 6 1 0.667 444889.0 1.512 2286144.0 1688.7258893280625
3 3 2 1.0 1000000.0 0.5 250000.0 1787.8793094629161
1 4 3 1.398 1954404.0 1.398 1954404.0 1070.3989578713965
7 1 0 1.398 1954404.0 1.2 1440000.0 1533.0349142857142
7 0 1 1.398 1954404.0 1.704 2903616.0 1370.6728529411757
5 0 3 1.8 3240000.0 1.2 1440000.0 1442.3480895522396
1 5 2 0.5 250000.0 1.512 2286144.0 1400.1499261447564
3 2 3 1.398 1954404.0 1.8 3240000.0 1994.6912637362632
6 1 1 1.512 2286144.0 1.398 1954404.0 869.5665116279064
1 3 4 1.908 3640464.0 1.704 2903616.0 1656.2954545454556
1 6 1 1.8 3240000.0 1.704 2903616.0 2238.787549019608
1 5 2 1.398 1954404.0 1.704 2903616.0 1048.2795757575752
6 2 0 1.704 2903616.0 0.5 250000.0 1561.9110344827589
2 4 2 1.2 1440000.0 1.704 2903616.0 1888.2425255972698
3 2 3 0.5 250000.0 1.704 2903616.0 1185.7698833333336
2 3 3 0.5 250000.0 1.704 2903616.0 1377.8768610634636
2 1 5 1.608 2585664.0 1.608 2585664.0 1282.9336842105274
1 1 6 1.512 2286144.0 0.667 444889.0 1401.6928449328468
4 3 1 0.667 444889.0 0.5 250000.0 1569.55033860045
5 1 2 0.667 444889.0 1.608 2585664.0 1441.3796166134186
3 0 5 1.398 1954404.0 0.5 250000.0 1348.6307017543877
5 3 0 1.398 1954404.0 1.608 2585664.0 1966.6622767857136
2 4 2 0.5 250000.0 0.5 250000.0 1693.8129935275078
2 2 4 1.8 3240000.0 1.608 2585664.0 1924.2071099744237
5 1 2 1.704 2903616.0 1.512 2286144.0 383.2104975124379
6 2 0 1.512 2286144.0 1.608 2585664.0 497.5669706840393
4 4 0 1.908 3640464.0 1.0 1000000.0 3668.582142857144
5 2 1 1.398 1954404.0 1.0 1000000.0 1704.8092558139526
1 0 7 1.512 2286144.0 0.667 444889.0 1288.342385786801
1 5 2 1.398 1954404.0 1.0 1000000.0 1798.9880530973453
1 5 2 1.704 2903616.0 1.512 2286144.0 1320.5159223300977
1 3 4 0.5 250000.0 1.608 2585664.0 1436.080291005291
6 0 2 0.5 250000.0 1.608 2585664.0 1344.940385185184
5 0 3 1.704 2903616.0 0.5 250000.0 1576.627214076248
4 0 4 1.512 2286144.0 0.5 250000.0 1494.0320160213614
1 1 6 1.2 1440000.0 1.2 1440000.0 1260.2210606060592
1 1 6 1.398 1954404.0 1.0 1000000.0 1469.156233108108
1 2 5 1.0 1000000.0 1.398 1954404.0 1148.4338022813686
3 2 3 1.608 2585664.0 1.2 1440000.0 1905.9406132075464
1 4 3 0.667 444889.0 1.398 1954404.0 1447.775623931624
4 2 2 1.908 3640464.0 0.667 444889.0 1761.8161092150165
1 0 7 0.667 444889.0 1.8 3240000.0 1282.923163265306
4 4 0 1.512 2286144.0 1.608 2585664.0 2815.478076923079
1 1 6 1.512 2286144.0 1.608 2585664.0 1074.7497078651686
2 6 0 1.0 1000000.0 0.667 444889.0 1665.7170977011501
3 1 4 1.608 2585664.0 1.2 1440000.0 1639.4361333333322
6 2 0 1.2 1440000.0 1.398 1954404.0 1151.7819166666663
1 5 2 1.8 3240000.0 0.5 250000.0 1593.396036745406
5 3 0 0.5 250000.0 1.2 1440000.0 1431.2976226415108
5 3 0 1.8 3240000.0 1.512 2286144.0 3092.662089552239
3 2 3 1.0 1000000.0 1.0 1000000.0 1299.502603550296
4 3 1 1.908 3640464.0 1.608 2585664.0 2350.4824137931037
5 1 2 1.512 2286144.0 1.512 2286144.0 915.427756097561
8 0 0 1.8 3240000.0 1.608 2585664.0 1804.0504529616737
5 2 1 0.667 444889.0 0.667 444889.0 1948.6576657060539
6 2 0 1.908 3640464.0 1.608 2585664.0 1950.3457142857137
5 2 1 1.704 2903616.0 1.8 3240000.0 1934.7878282828285
4 3 1 1.2 1440000.0 1.398 1954404.0 2101.1914634146337
2 4 2 1.398 1954404.0 1.0 1000000.0 2143.4373883161516
1 3 4 1.0 1000000.0 1.608 2585664.0 881.7715767634858
1 4 3 1.512 2286144.0 1.8 3240000.0 2005.7859950248744
5 3 0 1.2 1440000.0 1.608 2585664.0 1717.1558091286315
3 0 5 1.908 3640464.0 1.608 2585664.0 1805.8800898203601
8 0 0 0.667 444889.0 1.398 1954404.0 1420.4085460420035
4 3 1 1.2 1440000.0 1.608 2585664.0 1223.2003169014088
3 1 4 0.667 444889.0 1.704 2903616.0 1412.1974678111592
1 3 4 0.667 444889.0 1.2 1440000.0 1504.9066666666665
2 2 4 0.667 444889.0 1.0 1000000.0 1380.5344745762734
2 3 3 1.908 3640464.0 0.667 444889.0 1557.709791332265
1 3 4 1.398 1954404.0 1.704 2903616.0 1485.379699074074
2 4 2 1.398 1954404.0 1.608 2585664.0 1074.4241155234652
1 0 7 1.0 1000000.0 1.8 3240000.0 1639.6833111111116
5 1 2 0.5 250000.0 1.704 2903616.0 1977.211858190709
1 7 0 1.2 1440000.0 1.2 1440000.0 1619.9388511749344
1 2 5 1.2 1440000.0 0.667 444889.0 1065.2402878598248
1 1 6 1.2 1440000.0 1.704 2903616.0 1800.132167042889
5 2 1 1.8 3240000.0 1.8 3240000.0 1344.1881958762885
1 1 6 0.5 250000.0 0.5 250000.0 1342.776698774083
2 2 4 1.0 1000000.0 1.512 2286144.0 1434.2387074829946
2 2 4 0.667 444889.0 0.5 250000.0 1344.408795698925
1 6 1 1.512 2286144.0 1.0 1000000.0 1545.3035975609746
7 1 0 1.398 1954404.0 1.0 1000000.0 1731.1264571428585
5 3 0 1.608 2585664.0 1.512 2286144.0 2497.216047619049
5 1 2 1.704 2903616.0 1.512 2286144.0 957.1652238805965
3 5 0 0.5 250000.0 0.667 444889.0 1474.5763871951228
1 5 2 1.2 1440000.0 1.2 1440000.0 2322.2088268156413
1 5 2 0.667 444889.0 1.2 1440000.0 1467.6237896825398
5 2 1 1.512 2286144.0 1.2 1440000.0 1751.296923076923
1 4 3 1.512 2286144.0 1.704 2903616.0 1227.6244038929435
5 3 0 1.0 1000000.0 1.8 3240000.0 1281.8399259259263
1 5 2 1.2 1440000.0 1.398 1954404.0 1945.897927170867
2 1 5 1.512 2286144.0 1.512 2286144.0 1675.0804166666667
2 4 2 1.908 3640464.0 1.0 1000000.0 2218.5879400749063
3 0 5 1.8 3240000.0 1.0 1000000.0 1601.55745140389
7 1 0 0.667 444889.0 1.608 2585664.0 1344.7941390205365
1 2 5 1.398 1954404.0 1.704 2903616.0 1577.1090200445437
2 5 1 0.5 250000.0 1.0 1000000.0 1175.7679474548427
3 5 0 0.667 444889.0 0.5 250000.0 1915.8963134657852
5 0 3 1.908 3640464.0 1.398 1954404.0 1229.7062790697678
7 1 0 1.608 2585664.0 1.8 3240000.0 1931.9897492163016
1 4 3 1.0 1000000.0 0.667 444889.0 1475.3912947658396
3 2 3 0.667 444889.0 1.8 3240000.0 1630.2282467532448
4 3 1 1.908 3640464.0 1.512 2286144.0 1875.3717596566528
2 5 1 1.2 1440000.0 0.5 250000.0 1839.425141065832
1 6 1 0.5 250000.0 1.704 2903616.0 1396.93727532097
6 0 2 1.8 3240000.0 1.608 2585664.0 1687.380367647059
3 4 1 1.398 1954404.0 1.512 2286144.0 1266.3214338235293
1 5 2 1.8 3240000.0 0.5 250000.0 1632.4816000000003
2 1 5 1.908 3640464.0 1.398 1954404.0 1636.1367198177695
2 5 1 1.512 2286144.0 1.398 1954404.0 2097.8017204301104
5 3 0 1.908 3640464.0 0.5 250000.0 2478.1538805970144
4 2 2 1.704 2903616.0 0.5 250000.0 1188.959703264095
2 3 3 0.5 250000.0 0.667 444889.0 1361.8577764423062
3 3 2 1.0 1000000.0 1.0 1000000.0 1767.4153749999991
1 3 4 0.667 444889.0 1.2 1440000.0 1371.2948076923085
1 5 2 1.908 3640464.0 0.667 444889.0 2001.7301823708212
4 4 0 1.2 1440000.0 1.704 2903616.0 1169.914093959732
3 2 3 1.908 3640464.0 1.608 2585664.0 1898.5809116022087
7 0 1 1.704 2903616.0 1.398 1954404.0 1878.586800000001
2 5 1 1.8 3240000.0 1.2 1440000.0 1751.6163878327004
2 1 5 1.398 1954404.0 1.704 2903616.0 1256.7007785888081
2 5 1 1.0 1000000.0 1.8 3240000.0 1484.1395398773009
2 4 2 1.908 3640464.0 1.608 2585664.0 1697.2358039215683
3 4 1 1.2 1440000.0 1.608 2585664.0 1368.1301056338025
1 1 6 0.5 250000.0 1.8 3240000.0 1563.088016260162
3 3 2 1.8 3240000.0 1.8 3240000.0 1553.9423140495858
3 1 4 1.398 1954404.0 1.512 2286144.0 1586.965420792078
1 4 3 1.908 3640464.0 0.667 444889.0 1477.52506891271
6 2 0 0.5 250000.0 1.0 1000000.0 1281.8415083135378
1 0 7 1.908 3640464.0 1.704 2903616.0 1648.0351827956997
2 4 2 1.704 2903616.0 1.608 2585664.0 1142.9724427480917
6 2 0 1.608 2585664.0 1.0 1000000.0 2019.1725337837856
6 1 1 0.667 444889.0 1.2 1440000.0 2080.201310592461
1 4 3 1.512 2286144.0 1.0 1000000.0 2278.0356787762908
3 1 4 0.667 444889.0 1.704 2903616.0 2369.464279661019
3 5 0 1.2 1440000.0 0.667 444889.0 2287.673443708608
2 4 2 1.2 1440000.0 1.8 3240000.0 2005.5246938775506
6 2 0 1.0 1000000.0 1.704 2903616.0 1752.0025183374091
1 5 2 1.512 2286144.0 1.398 1954404.0 1882.8195107033653
2 1 5 1.8 3240000.0 0.5 250000.0 1530.4122722513089
1 6 1 0.5 250000.0 1.608 2585664.0 1495.8982861189802
7 1 0 1.398 1954404.0 1.8 3240000.0 1462.6261031518623
3 5 0 1.512 2286144.0 1.398 1954404.0 2668.4571217712187
2 1 5 1.908 3640464.0 0.667 444889.0 2198.193436657682
8 0 0 1.608 2585664.0 1.512 2286144.0 2102.54375
7 1 0 1.0 1000000.0 1.704 2903616.0 1547.2738730853393
1 4 3 1.704 2903616.0 1.704 2903616.0 1633.5931840796027
3 3 2 1.0 1000000.0 1.8 3240000.0 1921.2995161290326
4 3 1 1.908 3640464.0 0.5 250000.0 1939.258455284552
2 4 2 1.2 1440000.0 1.0 1000000.0 2002.9163071895437
2 4 2 1.2 1440000.0 1.608 2585664.0 2064.447551020409
7 1 0 1.2 1440000.0 1.704 2903616.0 1505.6910852713177
4 4 0 1.704 2903616.0 1.398 1954404.0 2223.56772
2 2 4 1.2 1440000.0 1.398 1954404.0 1278.5107013574661
2 0 6 0.667 444889.0 1.2 1440000.0 1411.454732334048
6 1 1 1.908 3640464.0 1.704 2903616.0 2633.393486590038
4 1 3 0.667 444889.0 0.5 250000.0 1228.334763033175
5 1 2 1.8 3240000.0 1.608 2585664.0 738.8132663316583
2 1 5 1.908 3640464.0 1.398 1954404.0 2441.641224489796
2 6 0 0.5 250000.0 1.512 2286144.0 1440.8613313161868
4 4 0 0.5 250000.0 1.0 1000000.0 501.13460456942016
1 2 5 1.704 2903616.0 1.398 1954404.0 1268.1711949685525
4 1 3 1.608 2585664.0 1.398 1954404.0 2239.8089378238355
2 1 5 1.512 2286144.0 1.2 1440000.0 1692.3844989775032
7 0 1 1.2 1440000.0 0.5 250000.0 363.49874686716754
1 2 5 1.908 3640464.0 1.704 2903616.0 755.9889719626166
3 0 5 1.908 3640464.0 1.704 2903616.0 1957.2366355140207
2 6 0 1.8 3240000.0 1.512 2286144.0 2035.6228937728927
3 4 1 1.0 1000000.0 0.667 444889.0 2109.8474085365847
1 4 3 1.704 2903616.0 1.704 2903616.0 1078.156750000001
5 1 2 1.704 2903616.0 1.0 1000000.0 2498.5875342465743
6 2 0 1.908 3640464.0 1.512 2286144.0 2131.1214232209727
3 1 4 1.512 2286144.0 1.8 3240000.0 348.3116981132073
2 1 5 0.5 250000.0 1.704 2903616.0 315.4757928802591
3 1 4 1.512 2286144.0 1.8 3240000.0 295.0595989304813
3 1 4 1.608 2585664.0 1.512 2286144.0 1059.3121859296484
5 1 2 0.667 444889.0 1.608 2585664.0 2983.042649842269
5 3 0 1.0 1000000.0 1.512 2286144.0 1100.910037174721
3 2 3 1.512 2286144.0 1.0 1000000.0 1206.8319706498953
1 7 0 1.398 1954404.0 0.5 250000.0 1971.2461318051564
2 1 5 1.8 3240000.0 1.398 1954404.0 1347.5367945823934
4 4 0 1.398 1954404.0 1.704 2903616.0 487.79546125461246
1 2 5 1.398 1954404.0 1.608 2585664.0 1554.1731101511884
4 2 2 0.667 444889.0 1.8 3240000.0 1180.3001918465216
2 2 4 1.512 2286144.0 1.8 3240000.0 1561.641837270341
3 1 4 0.5 250000.0 1.2 1440000.0 1400.2373070866124
3 4 1 1.908 3640464.0 1.608 2585664.0 2462.1733333333354
4 0 4 0.667 444889.0 1.8 3240000.0 1614.394110429448
5 3 0 1.908 3640464.0 1.8 3240000.0 2339.852284263959
3 5 0 1.908 3640464.0 1.512 2286144.0 1882.9041035856565
2 1 5 0.5 250000.0 0.667 444889.0 1157.5261286681703
2 5 1 0.667 444889.0 1.704 2903616.0 451.5099040767385
2 4 2 1.512 2286144.0 1.608 2585664.0 2335.8299270072994
2 4 2 1.908 3640464.0 1.704 2903616.0 3716.9608627450966
1 4 3 0.667 444889.0 1.704 2903616.0 2071.7267914438494
1 3 4 1.704 2903616.0 1.2 1440000.0 1295.0472895277198
1 6 1 1.704 2903616.0 1.0 1000000.0 3478.8641025641027
2 4 2 1.512 2286144.0 1.0 1000000.0 3368.0049469964665
6 1 1 1.2 1440000.0 1.608 2585664.0 3876.1766381766406
1 6 1 1.2 1440000.0 0.5 250000.0 2224.8923450134794
2 1 5 1.908 3640464.0 1.2 1440000.0 438.28565217391326
2 1 5 0.5 250000.0 1.398 1954404.0 2020.4373981191209
2 1 5 1.398 1954404.0 1.704 2903616.0 3032.62345410628
3 1 4 0.667 444889.0 1.8 3240000.0 1073.7612738853509
1 2 5 1.2 1440000.0 1.704 2903616.0 1455.91253218884
3 5 0 1.398 1954404.0 1.398 1954404.0 2589.103617021277
7 1 0 1.704 2903616.0 1.512 2286144.0 1450.9600986842088
8 0 0 0.667 444889.0 1.512 2286144.0 1033.3575312500004
1 4 3 1.704 2903616.0 1.704 2903616.0 2717.231965174134
3 3 2 1.0 1000000.0 1.608 2585664.0 495.63778135048216
5 3 0 1.908 3640464.0 1.512 2286144.0 587.6235858585859
2 4 2 1.2 1440000.0 1.398 1954404.0 2406.3225762711872
1 4 3 1.512 2286144.0 1.704 2903616.0 703.146682926829
1 6 1 1.512 2286144.0 1.398 1954404.0 447.1913677811552
1 6 1 1.908 3640464.0 1.8 3240000.0 1344.5725412541249
1 4 3 1.8 3240000.0 1.8 3240000.0 2324.980000000002
1 6 1 1.512 2286144.0 1.398 1954404.0 305.702012195122
1 5 2 1.704 2903616.0 1.8 3240000.0 248.67534201954385
5 1 2 1.2 1440000.0 1.512 2286144.0 266.2825333333334
3 5 0 0.5 250000.0 1.2 1440000.0 2120.8920583717368
2 2 4 1.608 2585664.0 1.608 2585664.0 3311.8480000000004
2 6 0 1.0 1000000.0 1.2 1440000.0 1167.0390778097978
1 2 5 1.0 1000000.0 1.512 2286144.0 986.4937944664031
5 2 1 1.608 2585664.0 1.512 2286144.0 1832.3447783251231
3 2 3 1.512 2286144.0 0.5 250000.0 1644.5093974358967
2 5 1 1.704 2903616.0 1.8 3240000.0 1582.2352631578947
4 1 3 1.8 3240000.0 0.5 250000.0 1699.2333593750002
1 3 4 0.667 444889.0 1.8 3240000.0 1284.0047857142854
3 0 5 0.667 444889.0 1.512 2286144.0 1643.8594037940354
1 2 5 1.608 2585664.0 0.667 444889.0 1330.4105744125322
2 2 4 1.704 2903616.0 0.5 250000.0 1288.7024508670536
3 3 2 1.704 2903616.0 1.8 3240000.0 1781.1209756097567
4 3 1 1.908 3640464.0 1.512 2286144.0 1288.8974786324793
3 0 5 1.908 3640464.0 1.608 2585664.0 1989.0964864864861
7 1 0 1.608 2585664.0 1.2 1440000.0 1504.0399684542588
5 3 0 1.908 3640464.0 1.608 2585664.0 1851.742908163265
3 4 1 1.0 1000000.0 1.398 1954404.0 1977.3329938271597
1 3 4 1.0 1000000.0 1.704 2903616.0 1392.7005319148932
2 3 3 1.8 3240000.0 0.5 250000.0 1374.763217948718
8 0 0 1.2 1440000.0 0.667 444889.0 2328.0245169712775
1 3 4 0.667 444889.0 0.5 250000.0 1384.6683496093735
2 1 5 1.704 2903616.0 1.512 2286144.0 1233.3873067915683
1 6 1 1.2 1440000.0 1.398 1954404.0 1965.9284254143636
3 3 2 1.0 1000000.0 1.2 1440000.0 1599.682911392405
1 4 3 1.704 2903616.0 0.667 444889.0 1434.2312121212112
4 1 3 1.704 2903616.0 1.512 2286144.0 1462.8869836956526
1 0 7 1.512 2286144.0 1.608 2585664.0 1563.14429752066
1 1 6 1.704 2903616.0 1.512 2286144.0 1352.3393873085317
2 0 6 1.2 1440000.0 1.704 2903616.0 1895.9683195592297
3 1 4 0.667 444889.0 1.608 2585664.0 1218.1121518987327
1 1 6 0.5 250000.0 1.0 1000000.0 1501.6984971910088
3 4 1 1.398 1954404.0 1.8 3240000.0 2704.71332089552
1 2 5 1.0 1000000.0 1.704 2903616.0 2422.6506296296334
4 1 3 1.608 2585664.0 1.608 2585664.0 2597.383445378153
2 6 0 1.8 3240000.0 1.2 1440000.0 2881.8574822695027
3 5 0 1.704 2903616.0 1.398 1954404.0 2857.2983397683415
4 1 3 1.398 1954404.0 0.667 444889.0 2291.170553797467
5 2 1 1.0 1000000.0 1.608 2585664.0 2664.656345381527
1 7 0 1.0 1000000.0 1.704 2903616.0 2406.2151213592238
2 4 2 0.667 444889.0 1.8 3240000.0 2480.980737100738
7 1 0 0.5 250000.0 1.2 1440000.0 2177.5045104895103
2 6 0 1.512 2286144.0 1.8 3240000.0 2741.8639510489515
2 6 0 1.512 2286144.0 1.512 2286144.0 2721.8240140845096
1 7 0 0.667 444889.0 1.608 2585664.0 1536.4897358490555
3 1 4 0.5 250000.0 1.512 2286144.0 1636.148517887563
3 4 1 1.398 1954404.0 1.8 3240000.0 2140.501515151514
3 3 2 1.2 1440000.0 1.704 2903616.0 1977.4999637681142
3 2 3 1.2 1440000.0 1.704 2903616.0 1681.2430585106365
2 1 5 1.908 3640464.0 1.398 1954404.0 1625.929122401849
2 4 2 1.8 3240000.0 1.608 2585664.0 1980.2460399999995
3 4 1 0.5 250000.0 1.608 2585664.0 1425.5669218241042
2 4 2 1.2 1440000.0 1.8 3240000.0 2103.2580756013745
2 6 0 1.8 3240000.0 0.667 444889.0 1432.5267032967035
2 3 3 1.8 3240000.0 1.512 2286144.0 1903.9845646437998
1 6 1 1.8 3240000.0 1.2 1440000.0 1567.887272727273
5 2 1 0.5 250000.0 0.5 250000.0 1395.161922246219
1 7 0 0.667 444889.0 1.8 3240000.0 1635.185415094339
1 5 2 1.2 1440000.0 1.512 2286144.0 1406.4912571428579
3 0 5 1.2 1440000.0 1.512 2286144.0 1811.0131976744194
5 3 0 1.0 1000000.0 1.0 1000000.0 2208.5937546468385
6 2 0 0.667 444889.0 1.398 1954404.0 1179.5114162348882
1 1 6 1.908 3640464.0 0.5 250000.0 1441.7258736426445
1 2 5 0.5 250000.0 0.5 250000.0 1553.2995755517832
1 2 5 1.8 3240000.0 1.8 3240000.0 1689.8204567307673
2 3 3 1.8 3240000.0 1.704 2903616.0 2380.952932960893
3 2 3 1.608 2585664.0 1.2 1440000.0 988.0921327014215
5 0 3 1.512 2286144.0 1.2 1440000.0 1994.2629663608564
1 2 5 1.512 2286144.0 1.8 3240000.0 2475.8295999999996
2 5 1 1.0 1000000.0 0.667 444889.0 2187.10771260997
8 0 0 1.2 1440000.0 1.398 1954404.0 1242.8553298153047
2 1 5 0.667 444889.0 1.8 3240000.0 1623.7470393374738
5 2 1 1.512 2286144.0 1.704 2903616.0 2205.4738423645313
3 1 4 0.5 250000.0 0.667 444889.0 880.3840947752144
7 0 1 1.608 2585664.0 1.398 1954404.0 1572.8032797427647
3 4 1 1.8 3240000.0 0.5 250000.0 2484.304789272032
1 0 7 1.704 2903616.0 1.512 2286144.0 1942.5175862068968
7 0 1 1.908 3640464.0 1.512 2286144.0 1668.1060431654673
6 1 1 0.5 250000.0 1.398 1954404.0 1457.1211581569146
1 1 6 1.608 2585664.0 1.0 1000000.0 1468.9895368782154
3 5 0 0.5 250000.0 1.2 1440000.0 1369.62725490196
6 0 2 0.667 444889.0 1.512 2286144.0 1450.9651992409874
4 2 2 1.704 2903616.0 1.8 3240000.0 1963.8357142857149
4 1 3 1.512 2286144.0 0.667 444889.0 1596.1266235864289
5 3 0 1.8 3240000.0 1.8 3240000.0 2012.0238974358967
1 5 2 1.908 3640464.0 1.608 2585664.0 1873.345312500002
6 1 1 1.398 1954404.0 1.704 2903616.0 1936.0782428115015
2 5 1 1.2 1440000.0 1.2 1440000.0 1715.9676666666671
2 4 2 1.0 1000000.0 1.512 2286144.0 2574.3922172949005
3 2 3 0.667 444889.0 1.704 2903616.0 2499.711605995714
1 7 0 1.608 2585664.0 0.667 444889.0 2691.293625730995
4 2 2 1.8 3240000.0 1.608 2585664.0 3090.9582700421947
5 3 0 1.908 3640464.0 1.8 3240000.0 3356.0520207253894
2 4 2 1.0 1000000.0 1.2 1440000.0 2593.0805263157918
1 7 0 0.5 250000.0 1.704 2903616.0 2219.974375838925
2 1 5 1.2 1440000.0 1.398 1954404.0 2492.332319474836
3 5 0 1.704 2903616.0 1.704 2903616.0 2881.5589105058375
5 1 2 1.908 3640464.0 0.667 444889.0 2956.742301587302
6 0 2 0.5 250000.0 1.398 1954404.0 2265.5306869220612
1 2 5 1.512 2286144.0 1.2 1440000.0 2372.1168471953565
1 3 4 1.704 2903616.0 0.667 444889.0 2273.700707213579
2 5 1 0.5 250000.0 1.704 2903616.0 2284.986827242526
7 1 0 1.908 3640464.0 1.512 2286144.0 3023.1828169014075
1 0 7 1.512 2286144.0 0.5 250000.0 2140.1492946708495
3 5 0 1.398 1954404.0 0.667 444889.0 2767.489607142859
3 2 3 1.704 2903616.0 1.8 3240000.0 2728.3447674418594
1 0 7 0.5 250000.0 1.704 2903616.0 2453.4483760683765
1 5 2 1.398 1954404.0 1.398 1954404.0 2596.5000305810386
1 4 3 1.512 2286144.0 0.5 250000.0 2197.6293333333338
3 2 3 1.908 3640464.0 1.398 1954404.0 2647.958944591027
3 4 1 1.398 1954404.0 1.704 2903616.0 2796.572499999998
1 6 1 0.667 444889.0 0.5 250000.0 2288.2031739961735
4 4 0 1.908 3640464.0 1.2 1440000.0 3091.5153389830493
2 5 1 1.0 1000000.0 1.398 1954404.0 2573.087438271606
2 4 2 0.5 250000.0 1.512 2286144.0 2292.724706896554
3 0 5 1.0 1000000.0 1.2 1440000.0 2435.2252736318387
5 2 1 1.608 2585664.0 1.8 3240000.0 3070.8996446700503
1 5 2 1.2 1440000.0 0.667 444889.0 2439.8081364829377
4 2 2 0.5 250000.0 0.5 250000.0 2237.7336334405154
6 2 0 1.0 1000000.0 0.667 444889.0 2467.2696135265705
3 0 5 1.398 1954404.0 0.667 444889.0 2279.2290838509293
4 1 3 0.667 444889.0 1.398 1954404.0 2384.388276595745
1 7 0 1.0 1000000.0 1.398 1954404.0 2417.96366093366
2 1 5 1.908 3640464.0 1.2 1440000.0 2513.1216842105273
1 6 1 1.704 2903616.0 1.398 1954404.0 2637.474655737704
2 5 1 0.667 444889.0 0.667 444889.0 2353.1932873563205
7 1 0 1.908 3640464.0 1.0 1000000.0 2998.882756183744
7 0 1 1.704 2903616.0 0.667 444889.0 2745.888753993608
2 5 1 1.2 1440000.0 1.0 1000000.0 2641.0907947019855
1 1 6 1.2 1440000.0 1.608 2585664.0 2443.0491294642848
3 5 0 1.0 1000000.0 1.398 1954404.0 2550.1333433734953
1 4 3 1.0 1000000.0 1.608 2585664.0 2406.3294444444437
1 6 1 1.8 3240000.0 0.5 250000.0 2665.0955520504726
1 3 4 1.398 1954404.0 1.398 1954404.0 2488.167262931036
4 0 4 1.2 1440000.0 1.608 2585664.0 2669.514395973154
2 1 5 0.667 444889.0 1.2 1440000.0 2313.51894265233
1 4 3 1.908 3640464.0 1.704 2903616.0 2658.4548293963257
3 2 3 0.667 444889.0 0.5 250000.0 2148.622154566745
5 2 1 1.0 1000000.0 0.5 250000.0 2622.891910112359
3 4 1 1.512 2286144.0 1.704 2903616.0 2847.685156250001
1 4 3 0.5 250000.0 1.2 1440000.0 2194.496832917704
1 5 2 0.667 444889.0 1.512 2286144.0 2339.937818930042
2 0 6 1.704 2903616.0 1.2 1440000.0 2463.3325498891354
3 5 0 1.0 1000000.0 0.5 250000.0 2614.5388951841364
4 3 1 1.2 1440000.0 1.704 2903616.0 2727.098169014084
1 7 0 1.2 1440000.0 0.5 250000.0 2460.6776549865235
6 0 2 0.5 250000.0 1.2 1440000.0 2242.9603931847937
1 7 0 1.512 2286144.0 1.704 2903616.0 2592.624242424242
1 5 2 0.667 444889.0 1.512 2286144.0 2340.378834355827
7 1 0 1.512 2286144.0 0.5 250000.0 2675.935591715975
1 4 3 0.5 250000.0 1.512 2286144.0 2240.790482398957
1 3 4 1.608 2585664.0 0.5 250000.0 2189.9234782608683
2 5 1 1.398 1954404.0 1.8 3240000.0 2768.4203571428566
1 7 0 1.2 1440000.0 1.512 2286144.0 2502.6938814016166
2 3 3 1.704 2903616.0 1.0 1000000.0 2440.3953276955626
2 3 3 1.608 2585664.0 0.667 444889.0 2299.737693522906
4 2 2 1.704 2903616.0 1.704 2903616.0 2990.869451476795
3 1 4 1.0 1000000.0 1.2 1440000.0 2380.0333542976928
1 4 3 1.512 2286144.0 1.398 1954404.0 2473.4357373271887
2 3 3 1.608 2585664.0 1.2 1440000.0 2478.1894145199067
3 5 0 1.608 2585664.0 1.512 2286144.0 2860.542222222221
5 3 0 1.704 2903616.0 0.667 444889.0 3051.600990099009
2 4 2 1.0 1000000.0 1.704 2903616.0 2615.0441772151908
3 4 1 1.512 2286144.0 0.5 250000.0 2736.6724542124534
1 5 2 1.704 2903616.0 1.398 1954404.0 2666.7397682119213
1 4 3 0.5 250000.0 0.5 250000.0 2080.7596226415108
5 1 2 1.8 3240000.0 1.704 2903616.0 3232.337382198952
2 6 0 1.704 2903616.0 0.667 444889.0 2821.1242335766433
2 1 5 0.5 250000.0 1.512 2286144.0 2320.645920000001
5 2 1 1.512 2286144.0 0.5 250000.0 2918.4576818181818
3 3 2 1.512 2286144.0 1.0 1000000.0 2717.5750909090907
5 3 0 1.512 2286144.0 1.704 2903616.0 2985.2290521327022
5 3 0 1.908 3640464.0 1.512 2286144.0 3299.634010416669
2 3 3 1.608 2585664.0 1.608 2585664.0 2602.283279569893
8 0 0 1.398 1954404.0 0.5 250000.0 2651.586559766764
1 2 5 1.2 1440000.0 1.2 1440000.0 2341.919146567717
4 2 2 0.667 444889.0 1.704 2903616.0 2495.276004842617
6 2 0 0.667 444889.0 1.8 3240000.0 2353.9332922535186
2 6 0 0.5 250000.0 1.8 3240000.0 2285.972758620689
1 7 0 1.704 2903616.0 1.2 1440000.0 2641.1679495268145
4 3 1 0.5 250000.0 0.5 250000.0 2232.202818897641
3 5 0 1.608 2585664.0 1.0 1000000.0 2797.1022348484826
2 0 6 1.8 3240000.0 1.704 2903616.0 2721.3552259887006
4 1 3 1.8 3240000.0 1.2 1440000.0 2602.9120537897306
6 2 0 1.2 1440000.0 1.8 3240000.0 2619.4000560224085
3 1 4 1.908 3640464.0 1.0 1000000.0 2476.7565778688527
5 0 3 1.398 1954404.0 0.667 444889.0 2341.4571992481187
4 0 4 1.2 1440000.0 1.0 1000000.0 2442.810797101448
2 5 1 1.398 1954404.0 1.0 1000000.0 2685.7641258741287
2 6 0 1.8 3240000.0 1.8 3240000.0 2913.118195488722
1 3 4 1.398 1954404.0 1.608 2585664.0 2493.5643678160914
1 7 0 0.667 444889.0 1.398 1954404.0 2315.4366480446943
1 5 2 0.667 444889.0 0.667 444889.0 2288.73952848723
3 1 4 1.512 2286144.0 1.8 3240000.0 2680.902191780821
7 0 1 1.608 2585664.0 1.608 2585664.0 2759.8795129870127
2 6 0 1.0 1000000.0 1.704 2903616.0 2542.9456891495606
1 5 2 1.608 2585664.0 1.512 2286144.0 2659.245016181233
2 6 0 1.608 2585664.0 0.5 250000.0 2736.7042105263154
6 0 2 1.398 1954404.0 1.704 2903616.0 2755.347875816993
1 5 2 1.0 1000000.0 1.608 2585664.0 2473.383289473681
2 0 6 1.398 1954404.0 1.704 2903616.0 2687.273398876404
3 1 4 1.608 2585664.0 0.667 444889.0 2287.6024477611963
1 7 0 1.704 2903616.0 1.0 1000000.0 2614.6358146964862
6 1 1 1.398 1954404.0 1.398 1954404.0 2713.8261269841264
6 0 2 1.8 3240000.0 1.512 2286144.0 2949.303146067419
4 4 0 1.0 1000000.0 1.608 2585664.0 2552.102767857144
1 1 6 1.398 1954404.0 1.512 2286144.0 2445.7669365426686
2 3 3 1.8 3240000.0 1.704 2903616.0 2733.08386554622
3 3 2 0.667 444889.0 1.398 1954404.0 2460.347108433736
3 2 3 1.8 3240000.0 1.8 3240000.0 2797.4874269005845
3 5 0 0.5 250000.0 1.398 1954404.0 2246.8
1 4 3 1.512 2286144.0 0.5 250000.0 2208.2982762836205
7 1 0 0.667 444889.0 1.608 2585664.0 2305.2635101404067
3 0 5 1.908 3640464.0 1.398 1954404.0 2661.0980167597786
2 1 5 1.512 2286144.0 1.608 2585664.0 2550.452669902914
4 2 2 1.512 2286144.0 1.512 2286144.0 2863.796356275304
5 1 2 1.398 1954404.0 1.2 1440000.0 2966.847870370369
7 1 0 1.608 2585664.0 1.8 3240000.0 2784.836202531645
5 2 1 1.398 1954404.0 1.704 2903616.0 2974.9588095238087
5 1 2 1.8 3240000.0 1.8 3240000.0 3276.1623076923097
1 4 3 1.2 1440000.0 1.0 1000000.0 2364.2069597069603
1 2 5 1.2 1440000.0 1.398 1954404.0 2379.9793987975936
3 2 3 1.704 2903616.0 0.667 444889.0 2326.5087642276444
7 1 0 1.512 2286144.0 1.8 3240000.0 2738.415626911316
3 4 1 1.0 1000000.0 1.608 2585664.0 2581.497823343848
6 0 2 1.704 2903616.0 1.2 1440000.0 2815.858790035587
2 1 5 1.608 2585664.0 1.0 1000000.0 2388.8581666666673
1 7 0 1.0 1000000.0 1.608 2585664.0 2520.8131566265065
1 1 6 1.908 3640464.0 1.512 2286144.0 2512.9428187919452
1 5 2 0.5 250000.0 0.5 250000.0 2176.8951344086036
2 1 5 1.704 2903616.0 0.667 444889.0 2269.974633471648
5 3 0 1.512 2286144.0 1.0 1000000.0 2947.6146948356804
4 2 2 1.608 2585664.0 1.2 1440000.0 2869.619367588934
3 1 4 1.398 1954404.0 1.512 2286144.0 2538.407783375314
2 3 3 0.5 250000.0 0.5 250000.0 2136.758976458546
3 1 4 1.908 3640464.0 1.2 1440000.0 2572.89909930716
4 0 4 1.908 3640464.0 1.704 2903616.0 2914.5805985915476
1 7 0 1.608 2585664.0 1.398 1954404.0 2632.488473520248
1 0 7 1.704 2903616.0 1.398 1954404.0 2417.3182600382415
3 2 3 0.667 444889.0 0.5 250000.0 2161.683133802816
1 1 6 1.512 2286144.0 1.608 2585664.0 2506.4059360730566
5 0 3 1.8 3240000.0 0.667 444889.0 2404.8619848771286
3 3 2 1.908 3640464.0 1.512 2286144.0 3058.513151260503
5 1 2 1.8 3240000.0 0.5 250000.0 2749.137898305083
2 6 0 1.0 1000000.0 1.0 1000000.0 2509.750028985509
1 1 6 1.0 1000000.0 1.704 2903616.0 2441.617232142856
2 5 1 1.8 3240000.0 1.2 1440000.0 2864.648171206224
2 6 0 1.512 2286144.0 0.5 250000.0 2687.215567010309
1 5 2 1.608 2585664.0 1.398 1954404.0 2648.6705825242702
2 2 4 1.908 3640464.0 1.608 2585664.0 2716.067572559366
2 4 2 1.608 2585664.0 1.704 2903616.0 2845.7147674418607
2 5 1 0.667 444889.0 1.704 2903616.0 2441.3752693208435
3 4 1 1.398 1954404.0 1.608 2585664.0 2793.3149811320773
1 7 0 1.908 3640464.0 0.5 250000.0 2725.920416666667
2 5 1 1.2 1440000.0 0.5 250000.0 2608.1565830720997
1 4 3 1.398 1954404.0 1.398 1954404.0 2444.535650224214
3 2 3 1.704 2903616.0 1.2 1440000.0 2516.865893719805
1 2 5 0.667 444889.0 0.5 250000.0 2108.943838289958
2 2 4 1.2 1440000.0 1.8 3240000.0 2599.290892857142
3 0 5 1.8 3240000.0 1.0 1000000.0 2450.8161304347836
1 4 3 1.8 3240000.0 1.2 1440000.0 2460.7047902869735
1 4 3 1.704 2903616.0 1.704 2903616.0 2591.893333333333
1 1 6 1.2 1440000.0 1.512 2286144.0 2412.184773218142
4 1 3 0.5 250000.0 1.512 2286144.0 2356.530762711862
7 1 0 1.704 2903616.0 1.0 1000000.0 2762.6023202614383
1 4 3 1.8 3240000.0 0.667 444889.0 2299.635349544074
6 0 2 1.2 1440000.0 0.667 444889.0 2535.570188679245
5 3 0 1.8 3240000.0 1.8 3240000.0 3252.97469387755
2 0 6 1.512 2286144.0 1.0 1000000.0 2373.8036153846165
2 0 6 1.398 1954404.0 0.5 250000.0 2181.3455508919205
2 2 4 1.512 2286144.0 1.0 1000000.0 2375.6776528599644
6 1 1 1.2 1440000.0 1.2 1440000.0 2585.18257142857
4 3 1 1.8 3240000.0 1.704 2903616.0 3076.8718181818185
3 0 5 1.608 2585664.0 1.0 1000000.0 2414.0266021505377
6 2 0 1.0 1000000.0 1.2 1440000.0 2486.189498806681
3 1 4 1.908 3640464.0 0.667 444889.0 2357.6242272727295
5 2 1 0.5 250000.0 0.5 250000.0 2339.0886086956507
2 6 0 1.0 1000000.0 1.8 3240000.0 2557.2856647398826
5 0 3 1.608 2585664.0 1.2 1440000.0 2593.592682926829
2 1 5 0.5 250000.0 1.0 1000000.0 2232.910213980026
1 4 3 1.8 3240000.0 1.608 2585664.0 2574.200277078084
1 6 1 1.704 2903616.0 1.8 3240000.0 2721.909966777406
3 4 1 1.608 2585664.0 1.8 3240000.0 2890.6802788844616
3 3 2 1.704 2903616.0 1.2 1440000.0 2878.3465217391295
2 2 4 1.8 3240000.0 1.2 1440000.0 2511.898995535714
1 4 3 0.5 250000.0 1.704 2903616.0 2257.632400530505
5 3 0 1.512 2286144.0 1.512 2286144.0 2954.5742723004696
2 1 5 1.512 2286144.0 1.704 2903616.0 2590.0904714640196
3 4 1 0.667 444889.0 0.667 444889.0 2362.872671232878