1 1 1 1 1 1 0 2.0 456.278015
1 1 0 0 0 0 0 0.6218905472636815 44.282001
0 0 0 0 0 0 0 1.4992503748125936 32.0145
1 0 0 0 0 0 0 0.7153075822603719 40.611301
0 0 0 0 0 0 0 0.5241090146750524 14.7304
1 1 1 1 0 0 0 1.4992503748125936 128.278
1 1 1 0 0 0 0 1.0 78.868202
1 1 1 1 1 0 0 1.4992503748125936 248.554993
1 1 1 0 0 0 0 1.4992503748125936 109.833
1 1 0 0 0 0 0 0.7153075822603719 58.803398
1 1 1 0 0 0 0 0.8333333333333334 73.745102
0 0 0 0 0 0 0 0.6218905472636815 16.7437
1 1 1 0 0 0 0 0.49603174603174605 40.7258
0 0 0 0 0 0 0 0.5868544600938967 16.3228
0 0 0 0 0 0 0 1.0 25.7071
1 0 0 0 0 0 0 0.5241090146750524 36.873798
1 1 1 1 0 0 0 0.49603174603174605 58.986698
1 0 0 0 0 0 0 0.6218905472636815 43.679401
1 1 1 1 1 0 0 0.5241090146750524 94.718498
1 1 0 0 0 0 0 0.4528985507246377 43.345402
1 0 0 0 0 0 0 1.0 64.588097
0 0 0 0 0 0 0 0.5555555555555556 13.2831
0 0 0 0 0 0 0 0.7153075822603719 18.9589
1 1 1 0 0 0 0 0.5868544600938967 47.758202
1 1 0 0 0 0 0 0.6613756613756614 47.672199
1 1 0 0 0 0 0 0.49603174603174605 36.964001
1 0 0 0 0 0 0 0.5555555555555556 34.310101
1 1 1 0 0 0 0 2.0 165.645004
1 1 0 0 0 0 0 0.5868544600938967 43.0369
1 1 0 0 0 0 0 0.47619047619047616 34.8517
1 1 1 0 0 0 0 0.47619047619047616 48.484299
1 1 1 1 0 0 0 0.5241090146750524 60.513901
0 0 0 0 0 0 0 1.4992503748125936 36.228001
1 1 1 1 1 0 0 0.49603174603174605 88.733803
1 1 1 1 1 1 0 0.49603174603174605 103.712997
1 1 0 0 0 0 0 0.6218905472636815 44.6866
1 1 1 1 1 0 0 0.8333333333333334 137.610992
1 0 0 0 0 0 0 0.6613756613756614 45.609798
1 0 0 0 0 0 0 0.5241090146750524 35.207001
1 1 1 1 1 0 0 0.6613756613756614 113.955002
1 1 1 0 0 0 0 0.8333333333333334 74.4701
0 0 0 0 0 0 0 0.7153075822603719 18.2794
0 0 0 0 0 0 0 2.0 52.0555
0 0 0 0 0 0 0 2.0 47.314201
1 1 1 1 1 0 0 2.0 321.501007
0 0 0 0 0 0 0 0.8333333333333334 20.617901
1 1 1 1 1 0 0 0.6218905472636815 108.327003
1 1 1 0 0 0 0 1.0 85.357697
1 0 0 0 0 0 0 0.5241090146750524 32.655602
1 0 0 0 0 0 0 0.6613756613756614 40.981701
1 1 1 1 0 0 0 2.0 176.572006
1 1 1 1 0 0 0 0.8333333333333334 72.634399
1 1 1 0 0 0 0 0.47619047619047616 41.075901
0 0 0 0 0 0 0 1.4992503748125936 34.778801
0 0 0 0 0 0 0 1.0 25.702999
1 1 1 0 0 0 0 0.5555555555555556 58.7094
1 1 1 1 0 0 0 0.5868544600938967 50.569
1 1 1 1 0 0 0 2.0 170.723007
0 0 0 0 0 0 0 0.4528985507246377 13.3727
1 1 0 0 0 0 0 0.8333333333333334 55.3605
1 1 1 1 1 1 0 1.4992503748125936 300.445007
0 0 0 0 0 0 0 0.5241090146750524 14.5007
1 0 0 0 0 0 0 0.4528985507246377 36.138
0 0 0 0 0 0 0 1.4992503748125936 34.8773
1 1 1 0 0 0 0 0.5241090146750524 44.6427
0 0 0 0 0 0 0 0.47619047619047616 13.7129
1 1 1 1 1 1 0 1.4992503748125936 299.446991
0 0 0 0 0 0 0 1.4992503748125936 34.563801
1 1 1 0 0 0 0 0.47619047619047616 41.16
1 1 0 0 0 0 0 0.8333333333333334 56.374199
0 0 0 0 0 0 0 0.7153075822603719 18.360001
0 0 0 0 0 0 0 0.49603174603174605 13.8158
1 1 1 1 1 1 0 0.5241090146750524 108.935997
1 1 1 1 1 1 0 0.47619047619047616 103.389
1 1 1 0 0 0 0 0.7153075822603719 55.585201
0 0 0 0 0 0 0 0.7153075822603719 18.1754
0 0 0 0 0 0 0 0.5868544600938967 16.6695
1 1 0 0 0 0 0 0.8333333333333334 66.118202
1 1 0 0 0 0 0 0.5555555555555556 60.082901
1 1 1 1 1 1 0 2.0 461.074005
1 1 1 0 0 0 0 0.7153075822603719 56.007099
1 0 0 0 0 0 0 0.4528985507246377 32.448299
0 0 0 0 0 0 0 1.4992503748125936 37.117599
1 1 0 0 0 0 0 0.7153075822603719 49.3256
1 1 1 0 0 0 0 0.5555555555555556 45.898998
1 1 0 0 0 0 0 0.8333333333333334 69.272202
1 0 0 0 0 0 0 0.47619047619047616 36.112598
1 1 1 1 0 0 0 0.7153075822603719 71.852997
1 1 1 0 0 0 0 0.7153075822603719 67.597099
1 1 1 1 1 0 0 0.5241090146750524 93.115799
1 1 1 1 1 0 0 0.47619047619047616 86.6082
1 0 0 0 0 0 0 0.6218905472636815 41.3689
0 0 0 0 0 0 0 0.4528985507246377 13.0036
1 1 1 1 0 0 0 0.49603174603174605 59.833801
1 1 1 1 0 0 0 0.6613756613756614 55.416801
0 0 0 0 0 0 0 0.47619047619047616 13.9783
1 0 0 0 0 0 0 1.4992503748125936 80.0187
1 1 1 1 0 0 0 0.5868544600938967 65.161903
1 1 0 0 0 0 0 1.4992503748125936 109.056999
1 1 1 0 0 0 0 0.5555555555555556 46.0131
1 1 1 0 0 0 0 0.5241090146750524 43.765202
0 0 0 0 0 0 0 0.8333333333333334 20.321301
1 0 0 0 0 0 0 0.5555555555555556 33.232899
1 1 1 0 0 0 0 0.8333333333333334 74.4879
1 0 0 0 0 0 0 0.4528985507246377 33.592499
1 1 1 1 1 0 0 0.4528985507246377 78.760002
1 1 1 0 0 0 0 0.5868544600938967 48.378201
1 1 1 1 1 0 0 0.5241090146750524 92.113403
1 0 0 0 0 0 0 0.8333333333333334 49.946201
1 1 0 0 0 0 0 0.6613756613756614 51.612202
1 1 1 1 0 0 0 0.49603174603174605 59.451599
1 1 1 1 0 0 0 0.5555555555555556 48.620098
1 0 0 0 0 0 0 0.6218905472636815 37.278198
0 0 0 0 0 0 0 0.47619047619047616 14.1916
1 1 1 1 0 0 0 1.0 89.964302
1 0 0 0 0 0 0 0.8333333333333334 56.486401
0 0 0 0 0 0 0 0.4528985507246377 13.6505
1 1 1 0 0 0 0 0.47619047619047616 52.386799
1 1 1 0 0 0 0 0.6218905472636815 48.867199
0 0 0 0 0 0 0 1.0 25.6425
0 0 0 0 0 0 0 0.6613756613756614 17.6724
0 0 0 0 0 0 0 0.5241090146750524 14.5437
1 0 0 0 0 0 0 0.5868544600938967 38.5406
0 0 0 0 0 0 0 0.47619047619047616 14.6761
1 0 0 0 0 0 0 0.8333333333333334 51.560501
1 1 1 1 0 0 0 0.5868544600938967 64.328499
1 1 1 0 0 0 0 0.5241090146750524 55.3508
1 0 0 0 0 0 0 0.49603174603174605 38.004398
1 0 0 0 0 0 0 0.49603174603174605 33.989201
1 0 0 0 0 0 0 0.5868544600938967 41.780602
1 1 1 1 1 0 0 0.6613756613756614 113.067001
1 0 0 0 0 0 0 1.4992503748125936 88.449501
1 1 0 0 0 0 0 2.0 136.389008
0 0 0 0 0 0 0 0.5868544600938967 16.0732
0 0 0 0 0 0 0 0.47619047619047616 13.4441
1 1 0 0 0 0 0 0.5868544600938967 47.5406
1 1 1 1 0 0 0 0.4528985507246377 55.741001
1 1 1 0 0 0 0 0.6218905472636815 54.801399
0 0 0 0 0 0 0 0.6218905472636815 17.075001
0 0 0 0 0 0 0 0.6613756613756614 15.2193
0 0 0 0 0 0 0 0.47619047619047616 14.2462
1 0 0 0 0 0 0 0.4528985507246377 30.9786
1 0 0 0 0 0 0 0.5241090146750524 34.356602
1 1 1 1 0 0 0 0.5868544600938967 64.571999
0 0 0 0 0 0 0 0.49603174603174605 13.8334
0 0 0 0 0 0 0 1.0 24.7279
0 0 0 0 0 0 0 2.0 46.470501
0 0 0 0 0 0 0 0.6613756613756614 17.423599
1 0 0 0 0 0 0 2.0 110.113998
0 0 0 0 0 0 0 0.5241090146750524 14.4455
1 1 0 0 0 0 0 0.5241090146750524 49.8465
1 1 1 0 0 0 0 0.47619047619047616 54.520699
1 1 1 0 0 0 0 1.0 75.938103
1 0 0 0 0 0 0 0.5555555555555556 40.179901
1 0 0 0 0 0 0 0.5555555555555556 35.932301
0 0 0 0 0 0 0 2.0 52.413399
1 1 1 0 0 0 0 0.7153075822603719 55.762699
1 1 0 0 0 0 0 1.0 67.2668
1 0 0 0 0 0 0 0.7153075822603719 40.863701
1 1 0 0 0 0 0 0.5555555555555556 45.540798
0 0 0 0 0 0 0 2.0 42.630501
0 0 0 0 0 0 0 1.0 25.5252
1 1 1 1 0 0 0 2.0 175.334
1 0 0 0 0 0 0 1.4992503748125936 81.899902
1 1 1 1 0 0 0 1.4992503748125936 118.774002
0 0 0 0 0 0 0 0.7153075822603719 17.879499
0 0 0 0 0 0 0 0.6613756613756614 17.982401
1 0 0 0 0 0 0 0.5555555555555556 35.5788
1 1 1 0 0 0 0 0.6218905472636815 56.013199
1 1 1 0 0 0 0 0.6218905472636815 55.241299
1 1 1 1 0 0 0 0.5241090146750524 60.333099
0 0 0 0 0 0 0 1.4992503748125936 38.116299
1 1 1 0 0 0 0 0.5555555555555556 52.3969
1 0 0 0 0 0 0 2.0 106.346001
1 0 0 0 0 0 0 0.8333333333333334 48.108898
1 1 1 1 1 0 0 0.5868544600938967 101.753998
0 0 0 0 0 0 0 0.5241090146750524 15.3404
1 1 1 0 0 0 0 0.49603174603174605 42.054199
1 1 1 1 0 0 0 0.49603174603174605 59.452099
1 1 1 1 1 0 0 0.4528985507246377 78.879898
1 1 0 0 0 0 0 0.6218905472636815 48.438801
1 0 0 0 0 0 0 0.7153075822603719 49.040699
1 1 0 0 0 0 0 0.4528985507246377 35.056198
0 0 0 0 0 0 0 0.6218905472636815 17.183599
1 1 1 1 1 0 0 0.4528985507246377 78.5793
0 0 0 0 0 0 0 0.5868544600938967 16.057199
0 0 0 0 0 0 0 0.8333333333333334 18.378901
1 1 1 0 0 0 0 0.5241090146750524 50.427101
0 0 0 0 0 0 0 0.47619047619047616 13.528
1 1 0 0 0 0 0 1.0 65.857803
1 0 0 0 0 0 0 0.5555555555555556 41.186501
0 0 0 0 0 0 0 0.8333333333333334 21.1472
0 0 0 0 0 0 0 0.47619047619047616 14.0787
1 1 1 1 1 0 0 0.8333333333333334 138.667999
1 1 0 0 0 0 0 1.0 74.809998
1 0 0 0 0 0 0 1.0 64.635696
1 1 1 1 0 0 0 0.47619047619047616 56.968899
1 0 0 0 0 0 0 0.47619047619047616 36.610901
1 1 1 1 1 0 0 0.6218905472636815 107.370003
0 0 0 0 0 0 0 0.5241090146750524 14.9807
1 1 0 0 0 0 0 0.4528985507246377 35.201801
1 1 0 0 0 0 0 0.4528985507246377 33.218399
1 1 1 1 0 0 0 0.8333333333333334 78.831001
1 1 0 0 0 0 0 1.0 74.148598
1 0 0 0 0 0 0 1.4992503748125936 88.519501
1 1 0 0 0 0 0 0.49603174603174605 37.522598
0 0 0 0 0 0 0 0.49603174603174605 14.4968
1 1 1 1 1 0 0 0.6218905472636815 107.517998
1 0 0 0 0 0 0 0.4528985507246377 29.6085
1 1 0 0 0 0 0 0.6613756613756614 46.273499
1 0 0 0 0 0 0 0.49603174603174605 34.6772
1 1 1 0 0 0 0 0.8333333333333334 78.027496
1 0 0 0 0 0 0 0.4528985507246377 35.579102
1 0 0 0 0 0 0 0.49603174603174605 34.759602
1 1 0 0 0 0 0 0.6218905472636815 44.9589
0 0 0 0 0 0 0 2.0 46.477699
1 0 0 0 0 0 0 1.0 62.886501
1 1 0 0 0 0 0 2.0 128.128998
1 0 0 0 0 0 0 0.49603174603174605 36.1394
1 1 1 0 0 0 0 0.6613756613756614 63.634602
1 0 0 0 0 0 0 1.0 65.2258
1 1 0 0 0 0 0 1.0 69.1287
1 1 0 0 0 0 0 1.4992503748125936 101.146004
1 1 0 0 0 0 0 0.4528985507246377 34.828701
1 1 1 0 0 0 0 0.5241090146750524 58.0373
1 1 1 0 0 0 0 0.5868544600938967 53.317001
1 1 1 0 0 0 0 0.5555555555555556 53.188301
1 1 1 0 0 0 0 0.5868544600938967 45.950401
1 1 1 1 0 0 0 1.0 88.550301
1 0 0 0 0 0 0 0.5241090146750524 35.623699
1 1 1 1 0 0 0 0.4528985507246377 57.509998
0 0 0 0 0 0 0 0.5555555555555556 15.2301
1 1 1 0 0 0 0 0.4528985507246377 39.4123
0 0 0 0 0 0 0 0.8333333333333334 20.743401
1 1 1 0 0 0 0 0.7153075822603719 67.133499
1 1 0 0 0 0 0 0.6218905472636815 44.8606
1 0 0 0 0 0 0 0.4528985507246377 31.7267
1 0 0 0 0 0 0 0.7153075822603719 47.472
1 1 1 1 0 0 0 0.5555555555555556 62.582901
0 0 0 0 0 0 0 0.4528985507246377 13.0569
1 0 0 0 0 0 0 0.47619047619047616 32.704201
1 0 0 0 0 0 0 0.5868544600938967 41.129799
1 1 1 0 0 0 0 0.5241090146750524 55.985802
1 1 1 0 0 0 0 0.5555555555555556 57.899899
1 1 1 1 1 1 0 0.7153075822603719 143.781006
0 0 0 0 0 0 0 0.49603174603174605 14.3737
1 1 1 1 1 1 1 2.0 483.381989
0 0 0 0 0 0 0 2.0 45.478802
0 0 0 0 0 0 0 0.8333333333333334 21.7861
1 1 1 1 1 1 1 0.6613756613756614 141.350006
1 1 0 0 0 0 0 0.5555555555555556 49.0541
1 1 0 0 0 0 0 0.4528985507246377 44.056099
1 0 0 0 0 0 0 2.0 110.487
1 0 0 0 0 0 0 0.5241090146750524 34.6241
0 0 0 0 0 0 0 0.6613756613756614 15.2321
1 1 1 1 1 1 0 0.5555555555555556 114.433998
1 1 1 1 1 1 1 0.7153075822603719 149.311005
0 0 0 0 0 0 0 2.0 51.7542
1 1 0 0 0 0 0 1.0 75.706398
0 0 0 0 0 0 0 0.47619047619047616 11.9384
1 0 0 0 0 0 0 0.49603174603174605 29.9028
1 1 0 0 0 0 0 0.5241090146750524 47.710499
1 1 1 0 0 0 0 0.6218905472636815 64.448601
0 0 0 0 0 0 0 0.49603174603174605 14.0916
1 1 1 1 1 1 0 0.47619047619047616 100.925003
1 1 1 1 1 0 0 1.0 168.744995
1 1 1 1 1 1 1 0.5868544600938967 125.606003
1 0 0 0 0 0 0 0.8333333333333334 54.2076
0 0 0 0 0 0 0 0.4528985507246377 13.6658
1 1 1 1 1 1 0 0.5241090146750524 109.018997
1 0 0 0 0 0 0 1.4992503748125936 82.100601
1 0 0 0 0 0 0 0.49603174603174605 37.853001
0 0 0 0 0 0 0 0.5241090146750524 14.6563
1 1 1 1 1 0 0 0.47619047619047616 82.094299
1 1 1 1 0 0 0 0.6218905472636815 66.132401
1 1 0 0 0 0 0 0.6218905472636815 52.723999
1 1 0 0 0 0 0 0.49603174603174605 36.905499
0 0 0 0 0 0 0 0.5555555555555556 16.048901
1 1 1 1 1 0 0 0.7153075822603719 120.225998
1 1 1 1 0 0 0 0.8333333333333334 78.422203
1 1 1 1 1 1 0 0.6613756613756614 133.748993
1 1 1 0 0 0 0 1.4992503748125936 108.665001
1 0 0 0 0 0 0 2.0 114.213997
0 0 0 0 0 0 0 0.5555555555555556 15.3923
1 1 0 0 0 0 0 0.6613756613756614 56.2663
0 0 0 0 0 0 0 0.5555555555555556 15.138
1 1 1 1 0 0 0 0.4528985507246377 57.841702
1 1 1 0 0 0 0 1.0 74.475304
1 1 1 0 0 0 0 0.49603174603174605 53.1861
1 1 0 0 0 0 0 0.5241090146750524 36.9706
1 0 0 0 0 0 0 0.6613756613756614 40.2962
1 1 1 0 0 0 0 0.7153075822603719 57.905102
1 1 0 0 0 0 0 0.5241090146750524 48.2257
1 1 1 1 1 0 0 0.5868544600938967 102.211998
1 0 0 0 0 0 0 0.49603174603174605 36.877602
1 1 1 1 0 0 0 0.5241090146750524 46.058399
0 0 0 0 0 0 0 0.5868544600938967 16.292801
1 1 0 0 0 0 0 0.8333333333333334 59.832699
1 0 0 0 0 0 0 0.6613756613756614 43.557598
1 0 0 0 0 0 0 0.6218905472636815 38.741699
1 1 0 0 0 0 0 2.0 174.227997
1 1 0 0 0 0 0 0.47619047619047616 44.547501
1 1 0 0 0 0 0 0.5868544600938967 51.983601
1 1 0 0 0 0 0 0.47619047619047616 43.406101
1 1 1 0 0 0 0 0.47619047619047616 49.3778
0 0 0 0 0 0 0 0.5241090146750524 14.2739
0 0 0 0 0 0 0 0.5868544600938967 15.5049
0 0 0 0 0 0 0 0.5241090146750524 14.729
1 1 0 0 0 0 0 0.6613756613756614 56.741001
1 1 0 0 0 0 0 0.49603174603174605 48.0947
1 1 1 1 0 0 0 0.4528985507246377 55.8055
1 1 1 1 0 0 0 0.7153075822603719 72.333298
1 1 0 0 0 0 0 1.4992503748125936 108.07
1 1 1 1 0 0 0 0.6218905472636815 52.7425
1 1 0 0 0 0 0 0.7153075822603719 49.5252
1 0 0 0 0 0 0 0.6218905472636815 36.880901
0 0 0 0 0 0 0 0.47619047619047616 13.9885
1 1 1 1 1 0 0 0.8333333333333334 138.585999
0 0 0 0 0 0 0 0.5555555555555556 14.9582
1 1 1 0 0 0 0 0.6613756613756614 64.0839
1 1 0 0 0 0 0 2.0 138.681
0 0 0 0 0 0 0 0.8333333333333334 20.554701
1 1 0 0 0 0 0 1.4992503748125936 98.300499
1 1 1 1 1 0 0 0.5555555555555556 98.849098
1 1 1 1 1 0 0 0.47619047619047616 81.935799
0 0 0 0 0 0 0 0.49603174603174605 13.9564
0 0 0 0 0 0 0 0.47619047619047616 13.5823
1 1 1 1 1 1 0 1.4992503748125936 300.554993
1 1 1 1 0 0 0 0.5555555555555556 55.3125
1 1 0 0 0 0 0 0.7153075822603719 57.361698
0 0 0 0 0 0 0 0.5868544600938967 16.414
1 1 1 0 0 0 0 0.8333333333333334 75.159401
0 0 0 0 0 0 0 0.49603174603174605 14.489
1 1 0 0 0 0 0 2.0 145.682007
0 0 0 0 0 0 0 2.0 47.7211
1 0 0 0 0 0 0 0.6613756613756614 45.708
1 1 1 0 0 0 0 1.4992503748125936 116.794998
1 1 1 1 1 0 0 1.0 166.983994
1 1 1 1 1 1 0 1.4992503748125936 300.787994
1 1 0 0 0 0 0 0.4528985507246377 34.4594
0 0 0 0 0 0 0 0.8333333333333334 21.3946
1 1 0 0 0 0 0 0.8333333333333334 55.937698
1 1 1 1 0 0 0 0.7153075822603719 72.193604
0 0 0 0 0 0 0 0.6218905472636815 17.1399
0 0 0 0 0 0 0 0.4528985507246377 13.2691
1 1 1 1 1 0 0 1.0 174.324997
1 1 1 1 1 0 0 0.6613756613756614 112.612
0 0 0 0 0 0 0 1.0 24.248501
1 0 0 0 0 0 0 0.8333333333333334 46.151199
0 0 0 0 0 0 0 0.5555555555555556 15.1952
1 1 0 0 0 0 0 0.6218905472636815 53.853001
1 1 1 0 0 0 0 0.5241090146750524 46.139999
0 0 0 0 0 0 0 0.4528985507246377 13.2827
1 1 1 1 1 1 0 1.0 200.365997
1 1 1 1 0 0 0 1.0 81.277199
1 1 1 1 1 0 0 0.47619047619047616 87.4478
1 1 1 1 1 1 1 0.7153075822603719 149.889008
1 1 1 1 0 0 0 0.6613756613756614 67.689201
1 1 0 0 0 0 0 0.6613756613756614 57.9576
1 1 1 1 0 0 0 1.0 83.7248
1 1 0 0 0 0 0 0.5555555555555556 45.219601
1 0 0 0 0 0 0 2.0 112.761002
0 0 0 0 0 0 0 0.5868544600938967 15.7734
1 0 0 0 0 0 0 1.0 67.476097
0 0 0 0 0 0 0 0.4528985507246377 13.6205
1 0 0 0 0 0 0 0.7153075822603719 42.054798
1 1 1 0 0 0 0 0.5241090146750524 51.268501
1 1 0 0 0 0 0 0.7153075822603719 48.487099
1 1 0 0 0 0 0 0.4528985507246377 35.717499
1 0 0 0 0 0 0 0.5868544600938967 42.078999
0 0 0 0 0 0 0 0.5555555555555556 15.4756
1 0 0 0 0 0 0 1.4992503748125936 89.174599
1 1 1 1 0 0 0 0.49603174603174605 58.119099
1 0 0 0 0 0 0 1.4992503748125936 83.030296
1 0 0 0 0 0 0 0.6218905472636815 44.9762
1 1 1 0 0 0 0 0.4528985507246377 38.216499
1 1 0 0 0 0 0 0.6613756613756614 51.312698
1 1 0 0 0 0 0 0.4528985507246377 34.862598
0 0 0 0 0 0 0 0.5241090146750524 14.0993
1 1 1 0 0 0 0 0.7153075822603719 67.433197
0 0 0 0 0 0 0 1.4992503748125936 38.056099
0 0 0 0 0 0 0 0.5241090146750524 14.8597
0 0 0 0 0 0 0 0.5868544600938967 16.1556
1 1 1 1 0 0 0 0.49603174603174605 59.575401
1 0 0 0 0 0 0 0.5241090146750524 34.623001
1 1 1 1 1 1 0 2.0 462.027008
1 1 1 1 1 0 0 0.5868544600938967 101.722
1 0 0 0 0 0 0 0.7153075822603719 39.3391
1 0 0 0 0 0 0 0.5868544600938967 36.772598
1 1 1 1 1 0 0 0.6613756613756614 112.538002
0 0 0 0 0 0 0 0.5868544600938967 16.341299
1 0 0 0 0 0 0 0.5555555555555556 38.999199
0 0 0 0 0 0 0 0.4528985507246377 14.0456
0 0 0 0 0 0 0 0.6218905472636815 17.0422
1 0 0 0 0 0 0 0.5555555555555556 37.413601
1 1 0 0 0 0 0 0.49603174603174605 45.4813
1 1 0 0 0 0 0 0.7153075822603719 60.215401
1 1 1 0 0 0 0 0.4528985507246377 46.1451
1 1 1 1 1 0 0 0.5555555555555556 98.030701
0 0 0 0 0 0 0 1.0 24.996799
1 0 0 0 0 0 0 1.0 58.435001
1 0 0 0 0 0 0 0.5868544600938967 42.3815
0 0 0 0 0 0 0 0.6218905472636815 17.028601
1 1 1 1 0 0 0 0.6218905472636815 58.438
1 1 0 0 0 0 0 1.4992503748125936 95.272697
1 0 0 0 0 0 0 0.7153075822603719 45.282799
0 0 0 0 0 0 0 0.7153075822603719 18.0786
1 1 1 1 1 0 0 0.47619047619047616 86.319099
0 0 0 0 0 0 0 0.6613756613756614 17.6353
0 0 0 0 0 0 0 1.0 24.587999
1 1 1 1 1 0 0 0.49603174603174605 88.991302
1 0 0 0 0 0 0 0.5241090146750524 36.5191
1 0 0 0 0 0 0 0.49603174603174605 33.072601
1 0 0 0 0 0 0 0.6613756613756614 46.494202
1 1 1 0 0 0 0 0.49603174603174605 53.832298
1 1 0 0 0 0 0 1.0 68.157997
1 1 1 1 0 0 0 1.4992503748125936 129.054001
1 1 1 1 0 0 0 0.5868544600938967 57.016998
1 1 0 0 0 0 0 0.49603174603174605 38.584999
1 0 0 0 0 0 0 0.6613756613756614 38.305401
1 0 0 0 0 0 0 0.5555555555555556 40.3647
0 0 0 0 0 0 0 0.49603174603174605 14.1199
1 0 0 0 0 0 0 0.47619047619047616 35.507599
1 1 1 0 0 0 0 0.8333333333333334 76.931503
1 1 1 1 0 0 0 0.6613756613756614 68.579803
1 0 0 0 0 0 0 0.7153075822603719 42.740002
0 0 0 0 0 0 0 0.6218905472636815 16.5835
1 1 1 1 1 1 0 0.6218905472636815 128.854996
1 1 0 0 0 0 0 0.6613756613756614 56.5256
0 0 0 0 0 0 0 0.49603174603174605 12.2958
1 1 1 1 0 0 0 1.0 86.255997
1 1 1 1 0 0 0 0.5868544600938967 65.8116
1 0 0 0 0 0 0 0.5555555555555556 39.912998
1 0 0 0 0 0 0 0.49603174603174605 33.272598
1 1 1 1 1 0 0 0.49603174603174605 88.359497
1 1 1 0 0 0 0 2.0 146.261002
1 1 1 0 0 0 0 0.47619047619047616 52.6674
1 1 1 0 0 0 0 0.49603174603174605 40.784
1 1 1 1 0 0 0 1.4992503748125936 127.109001
1 0 0 0 0 0 0 0.7153075822603719 46.157299
1 0 0 0 0 0 0 2.0 112.169998
1 1 0 0 0 0 0 0.7153075822603719 47.137001
1 1 1 0 0 0 0 0.7153075822603719 68.261299
1 1 1 1 0 0 0 0.4528985507246377 54.939201
0 0 0 0 0 0 0 0.5868544600938967 16.5397
1 1 1 0 0 0 0 1.0 74.715897
0 0 0 0 0 0 0 0.4528985507246377 11.5364
0 0 0 0 0 0 0 0.8333333333333334 21.9098
1 0 0 0 0 0 0 1.4992503748125936 90.600403
0 0 0 0 0 0 0 1.4992503748125936 34.885601
1 0 0 0 0 0 0 1.4992503748125936 81.073601
1 1 0 0 0 0 0 0.6218905472636815 49.253601
1 1 1 0 0 0 0 0.47619047619047616 39.994999
1 1 1 1 1 0 0 0.5241090146750524 93.019203
1 1 1 1 1 0 0 1.4992503748125936 243.709
1 1 1 0 0 0 0 0.5868544600938967 61.312801
1 1 0 0 0 0 0 0.7153075822603719 47.3909
0 0 0 0 0 0 0 0.5868544600938967 15.823
1 0 0 0 0 0 0 0.4528985507246377 30.322701
1 1 1 1 1 0 0 0.4528985507246377 83.367203
1 1 0 0 0 0 0 0.5555555555555556 47.573799
1 1 0 0 0 0 0 0.47619047619047616 36.151501
0 0 0 0 0 0 0 0.6613756613756614 15.5749
1 0 0 0 0 0 0 0.4528985507246377 30.322001
1 0 0 0 0 0 0 0.7153075822603719 41.498699
0 0 0 0 0 0 0 0.6218905472636815 16.6021
1 0 0 0 0 0 0 0.47619047619047616 30.1313
0 0 0 0 0 0 0 0.6613756613756614 17.354401
0 0 0 0 0 0 0 0.5241090146750524 14.3058
1 1 1 0 0 0 0 0.4528985507246377 38.277699
1 1 1 0 0 0 0 0.47619047619047616 55.292198
0 0 0 0 0 0 0 0.8333333333333334 18.476
1 0 0 0 0 0 0 1.4992503748125936 82.389503
1 1 1 0 0 0 0 2.0 147.837006
1 1 1 1 1 0 0 0.5868544600938967 102.167999
1 1 1 0 0 0 0 0.5555555555555556 57.893299
1 1 0 0 0 0 0 0.8333333333333334 70.097198
1 1 1 1 1 0 0 2.0 367.153992
0 0 0 0 0 0 0 0.49603174603174605 14.2094
0 0 0 0 0 0 0 0.4528985507246377 13.1199
0 0 0 0 0 0 0 1.4992503748125936 37.519299
1 1 0 0 0 0 0 0.8333333333333334 55.8297
0 0 0 0 0 0 0 2.0 48.820599
1 1 1 0 0 0 0 0.6613756613756614 52.491402
1 1 1 0 0 0 0 1.4992503748125936 117.640999
0 0 0 0 0 0 0 1.4992503748125936 35.839199
1 0 0 0 0 0 0 0.47619047619047616 31.5109
1 1 1 0 0 0 0 0.7153075822603719 67.662498
1 0 0 0 0 0 0 0.49603174603174605 40.999401
1 1 1 0 0 0 0 0.47619047619047616 39.426899
1 1 1 1 1 1 1 0.7153075822603719 149.675995
1 0 0 0 0 0 0 0.6218905472636815 39.756802
1 1 1 0 0 0 0 0.6613756613756614 52.445301
1 0 0 0 0 0 0 1.0 64.7686
1 1 1 0 0 0 0 0.6613756613756614 64.518501
1 1 0 0 0 0 0 1.4992503748125936 118.764999
1 1 1 1 0 0 0 0.4528985507246377 56.647499
1 0 0 0 0 0 0 0.8333333333333334 55.944199
1 1 1 0 0 0 0 0.5868544600938967 60.913601
0 0 0 0 0 0 0 0.6218905472636815 16.2059
1 1 0 0 0 0 0 0.8333333333333334 56.931599
1 1 1 1 0 0 0 0.7153075822603719 70.299004
1 0 0 0 0 0 0 0.6218905472636815 40.9338
1 1 1 1 0 0 0 0.6218905472636815 59.359901
1 0 0 0 0 0 0 1.4992503748125936 84.703201
0 0 0 0 0 0 0 1.0 24.6264
0 0 0 0 0 0 0 0.5868544600938967 17.432899
1 0 0 0 0 0 0 0.8333333333333334 49.218899
1 1 1 0 0 0 0 2.0 163.177002
1 0 0 0 0 0 0 0.5555555555555556 35.4585
1 1 1 1 0 0 0 0.47619047619047616 57.664299
1 1 1 1 0 0 0 0.5555555555555556 55.0308
1 1 1 1 1 1 0 0.7153075822603719 144.112
1 1 0 0 0 0 0 0.4528985507246377 33.5471
1 1 0 0 0 0 0 0.5241090146750524 39.3083
1 0 0 0 0 0 0 0.47619047619047616 29.1059
1 1 1 1 0 0 0 0.8333333333333334 78.959801
1 0 0 0 0 0 0 0.4528985507246377 34.603199
1 1 1 0 0 0 0 0.6218905472636815 49.894299
0 0 0 0 0 0 0 0.47619047619047616 13.8045
1 1 1 1 0 0 0 0.5241090146750524 46.094398
1 1 0 0 0 0 0 0.6218905472636815 56.948502
1 1 1 1 0 0 0 0.7153075822603719 71.2864
1 1 1 1 0 0 0 1.0 88.956299
1 1 0 0 0 0 0 0.5555555555555556 38.746399
1 1 1 0 0 0 0 0.5868544600938967 60.291
1 1 1 1 1 0 0 0.5868544600938967 103.512001
1 1 0 0 0 0 0 1.0 65.381798
1 1 1 1 0 0 0 0.49603174603174605 58.926102
1 1 1 1 1 1 0 1.4992503748125936 297.820007
1 0 0 0 0 0 0 2.0 105.821999
1 1 1 0 0 0 0 2.0 146.738998
1 1 1 0 0 0 0 1.4992503748125936 115.987
1 1 1 1 0 0 0 2.0 167.257996
1 0 0 0 0 0 0 0.8333333333333334 48.317101
1 1 1 0 0 0 0 0.5241090146750524 55.2976
1 0 0 0 0 0 0 0.8333333333333334 55.1656
1 0 0 0 0 0 0 0.47619047619047616 34.875198
1 1 0 0 0 0 0 0.6613756613756614 59.0965
1 0 0 0 0 0 0 1.4992503748125936 82.7164
0 0 0 0 0 0 0 1.4992503748125936 36.0723
1 1 1 1 1 1 0 0.8333333333333334 167.591003
1 0 0 0 0 0 0 1.4992503748125936 79.898697
0 0 0 0 0 0 0 0.49603174603174605 13.9427
1 0 0 0 0 0 0 0.5241090146750524 34.339199
1 1 1 0 0 0 0 0.5868544600938967 53.133099
1 0 0 0 0 0 0 0.47619047619047616 33.087601
0 0 0 0 0 0 0 0.5868544600938967 16.9799
1 1 1 0 0 0 0 0.47619047619047616 51.584999
1 1 1 0 0 0 0 2.0 160.796005
0 0 0 0 0 0 0 1.0 24.247801
0 0 0 0 0 0 0 0.5868544600938967 16.2395
1 1 1 1 1 1 0 0.5555555555555556 116.996002
1 0 0 0 0 0 0 1.4992503748125936 81.132896
1 1 0 0 0 0 0 0.4528985507246377 43.774502
0 0 0 0 0 0 0 2.0 49.380199
0 0 0 0 0 0 0 1.4992503748125936 36.158298
1 0 0 0 0 0 0 0.5241090146750524 33.628601
1 1 1 0 0 0 0 0.4528985507246377 49.648499
1 1 0 0 0 0 0 0.6218905472636815 42.566898
0 0 0 0 0 0 0 2.0 55.5602
1 1 0 0 0 0 0 0.5241090146750524 49.226398
1 0 0 0 0 0 0 2.0 109.706001
1 1 1 0 0 0 0 0.5868544600938967 62.992901
0 0 0 0 0 0 0 0.5555555555555556 15.0602
1 1 1 0 0 0 0 1.4992503748125936 119.792
1 1 0 0 0 0 0 0.47619047619047616 45.413399
0 0 0 0 0 0 0 0.47619047619047616 13.4994
1 1 1 1 0 0 0 0.6613756613756614 68.314598
1 1 1 0 0 0 0 0.8333333333333334 63.263401
1 0 0 0 0 0 0 0.6218905472636815 42.2556
0 0 0 0 0 0 0 0.5555555555555556 15.1577
1 0 0 0 0 0 0 0.4528985507246377 35.293999
1 0 0 0 0 0 0 0.7153075822603719 51.161999
1 1 1 0 0 0 0 2.0 150.259995
1 1 1 1 0 0 0 0.8333333333333334 71.481201
1 0 0 0 0 0 0 0.49603174603174605 36.511002
1 1 0 0 0 0 0 0.7153075822603719 60.6413
1 1 0 0 0 0 0 0.4528985507246377 43.126499
1 1 1 0 0 0 0 0.8333333333333334 61.9263
1 0 0 0 0 0 0 2.0 110.942001
1 1 0 0 0 0 0 0.5868544600938967 40.643501
0 0 0 0 0 0 0 2.0 51.328999
1 1 1 1 0 0 0 0.6613756613756614 60.703499
1 1 0 0 0 0 0 2.0 141.705002
1 1 1 1 0 0 0 0.5555555555555556 48.104801
1 1 0 0 0 0 0 0.47619047619047616 45.208199
0 0 0 0 0 0 0 0.6218905472636815 16.517
1 0 0 0 0 0 0 0.5555555555555556 39.029301
1 1 1 1 0 0 0 0.47619047619047616 60.098099
0 0 0 0 0 0 0 0.49603174603174605 14.2194
1 1 1 1 0 0 0 0.49603174603174605 51.9459
1 0 0 0 0 0 0 0.6218905472636815 36.408401
0 0 0 0 0 0 0 0.6218905472636815 17.253599
1 1 0 0 0 0 0 1.0 70.459198
1 1 0 0 0 0 0 0.49603174603174605 37.711399
1 1 1 1 1 1 1 0.5868544600938967 124.514
1 1 1 0 0 0 0 0.6613756613756614 51.867802
1 0 0 0 0 0 0 0.4528985507246377 32.400501
1 1 0 0 0 0 0 0.6218905472636815 49.548901
1 1 1 0 0 0 0 1.0 77.093498
1 1 1 0 0 0 0 1.4992503748125936 111.254997
1 0 0 0 0 0 0 0.6613756613756614 42.2901
0 0 0 0 0 0 0 2.0 52.870201
1 1 1 0 0 0 0 1.4992503748125936 108.473999
0 0 0 0 0 0 0 0.4528985507246377 13.176
1 1 0 0 0 0 0 0.5555555555555556 50.953098
1 1 1 1 0 0 0 2.0 164.417999
0 0 0 0 0 0 0 0.49603174603174605 14.7673
1 1 1 1 0 0 0 0.6218905472636815 59.835201
1 1 0 0 0 0 0 0.6218905472636815 53.770302
1 1 1 0 0 0 0 0.8333333333333334 73.005203
0 0 0 0 0 0 0 0.5241090146750524 14.8151
1 1 1 1 1 0 0 1.0 164.537994
1 1 1 1 0 0 0 0.47619047619047616 58.220501
1 0 0 0 0 0 0 0.6613756613756614 37.147202
0 0 0 0 0 0 0 0.5241090146750524 14.2288
1 1 1 1 1 1 0 0.8333333333333334 166.567993
1 1 1 1 1 0 0 0.6613756613756614 111.765999
1 1 1 1 0 0 0 0.49603174603174605 58.1497
1 1 1 1 1 0 0 1.0 167.003006
1 0 0 0 0 0 0 2.0 109.650002
1 1 1 1 1 0 0 0.8333333333333334 134.576004
1 1 1 1 0 0 0 0.47619047619047616 57.519699
1 1 1 1 0 0 0 1.0 89.383598
1 1 0 0 0 0 0 0.6613756613756614 52.079399
1 1 1 0 0 0 0 0.4528985507246377 39.4478
1 1 1 0 0 0 0 0.7153075822603719 69.435402
1 1 0 0 0 0 0 0.5241090146750524 39.599602
1 1 1 0 0 0 0 0.49603174603174605 48.7384
0 0 0 0 0 0 0 0.49603174603174605 14.5325
1 1 1 1 0 0 0 0.5241090146750524 60.185398
1 1 0 0 0 0 0 0.47619047619047616 36.730701
0 0 0 0 0 0 0 0.6218905472636815 16.5564
1 1 1 0 0 0 0 1.4992503748125936 111.033997
1 1 0 0 0 0 0 0.49603174603174605 36.932701
0 0 0 0 0 0 0 0.6613756613756614 17.229099
0 0 0 0 0 0 0 0.8333333333333334 20.6717
1 0 0 0 0 0 0 0.5868544600938967 33.805901
0 0 0 0 0 0 0 0.6613756613756614 15.2853
1 0 0 0 0 0 0 0.6613756613756614 39.374298
1 1 0 0 0 0 0 0.8333333333333334 55.493198
1 1 0 0 0 0 0 0.5241090146750524 47.677101
1 1 1 0 0 0 0 0.6613756613756614 58.602901
1 1 1 0 0 0 0 0.6613756613756614 64.2061
0 0 0 0 0 0 0 0.6613756613756614 17.427299
1 1 0 0 0 0 0 0.49603174603174605 42.3619
1 1 0 0 0 0 0 0.6613756613756614 57.397202
0 0 0 0 0 0 0 0.8333333333333334 18.478201
1 1 1 1 0 0 0 0.5241090146750524 61.851002
1 0 0 0 0 0 0 1.0 55.745201
1 1 1 1 1 1 0 0.47619047619047616 99.739799
1 1 0 0 0 0 0 1.0 76.584099
1 1 1 1 0 0 0 1.0 87.221603
1 1 1 1 1 0 0 0.49603174603174605 88.898804
0 0 0 0 0 0 0 0.7153075822603719 18.6987
0 0 0 0 0 0 0 0.5868544600938967 16.6031
1 1 1 0 0 0 0 0.5868544600938967 53.6604
1 1 1 1 1 0 0 1.0 165.386002
1 1 1 1 0 0 0 0.6613756613756614 57.446602
1 1 0 0 0 0 0 1.0 77.2565
1 1 1 1 1 1 0 0.5555555555555556 116.825996
1 0 0 0 0 0 0 0.4528985507246377 31.881001
1 1 0 0 0 0 0 0.7153075822603719 47.763901
1 0 0 0 0 0 0 1.4992503748125936 88.593002
1 0 0 0 0 0 0 0.5555555555555556 39.724499
1 0 0 0 0 0 0 0.6218905472636815 39.188
1 1 1 0 0 0 0 1.0 88.198303
1 1 0 0 0 0 0 0.7153075822603719 55.0872
1 0 0 0 0 0 0 0.6613756613756614 39.203098
1 1 1 1 0 0 0 0.49603174603174605 53.181599
1 1 1 1 1 0 0 0.4528985507246377 83.429497
0 0 0 0 0 0 0 0.7153075822603719 18.4884
1 1 1 0 0 0 0 1.0 84.090302
0 0 0 0 0 0 0 0.5241090146750524 14.4476
1 1 1 0 0 0 0 0.5241090146750524 52.974701
1 0 0 0 0 0 0 0.49603174603174605 31.8552
1 1 1 1 0 0 0 1.4992503748125936 122.391998
0 0 0 0 0 0 0 0.6218905472636815 14.6745
1 1 1 0 0 0 0 0.6613756613756614 57.1381
1 1 1 0 0 0 0 0.5868544600938967 47.586601
1 1 1 1 1 1 1 0.5241090146750524 113.244003
1 1 1 0 0 0 0 0.4528985507246377 49.945999
1 1 0 0 0 0 0 0.6218905472636815 49.186401
0 0 0 0 0 0 0 0.6218905472636815 16.806499
0 0 0 0 0 0 0 0.8333333333333334 21.309299
0 0 0 0 0 0 0 0.5555555555555556 15.3687
1 0 0 0 0 0 0 2.0 110.259003
1 0 0 0 0 0 0 2.0 108.670998
0 0 0 0 0 0 0 0.5868544600938967 15.8258
1 1 1 1 1 0 0 0.5868544600938967 99.487198
1 1 1 0 0 0 0 2.0 168.541
1 1 0 0 0 0 0 0.4528985507246377 42.7612
1 1 0 0 0 0 0 0.6613756613756614 57.139801
0 0 0 0 0 0 0 0.5241090146750524 16.121599
1 1 1 1 0 0 0 0.47619047619047616 43.054298
1 1 1 1 1 0 0 2.0 379.078003
1 1 1 1 1 0 0 0.5868544600938967 103.194
1 0 0 0 0 0 0 0.5868544600938967 35.098499
0 0 0 0 0 0 0 1.0 25.8584
1 1 0 0 0 0 0 0.6218905472636815 53.751999
1 1 1 1 0 0 0 0.8333333333333334 79.456398
1 1 1 1 1 1 0 0.6613756613756614 135.376007
1 1 1 0 0 0 0 1.4992503748125936 117.641998
1 1 1 0 0 0 0 0.4528985507246377 39.553101
0 0 0 0 0 0 0 0.5555555555555556 15.1094
1 1 1 1 0 0 0 0.5555555555555556 55.16
0 0 0 0 0 0 0 0.5241090146750524 15.1676
0 0 0 0 0 0 0 0.5241090146750524 14.8876
1 0 0 0 0 0 0 1.0 58.289299
1 1 1 1 1 1 1 0.6218905472636815 131.192993
1 1 1 1 0 0 0 0.5241090146750524 60.847099
1 1 0 0 0 0 0 0.5555555555555556 47.960999
1 1 1 0 0 0 0 0.6218905472636815 49.785198
1 1 0 0 0 0 0 0.47619047619047616 42.923599
1 1 1 0 0 0 0 0.49603174603174605 50.728901
1 1 1 1 1 1 0 2.0 460.179993
1 0 0 0 0 0 0 1.4992503748125936 101.503998
1 1 1 1 0 0 0 0.49603174603174605 45.205002
1 1 0 0 0 0 0 0.6613756613756614 56.803699
1 1 1 1 1 0 0 1.4992503748125936 244.789993
1 0 0 0 0 0 0 0.6218905472636815 40.342201
1 0 0 0 0 0 0 0.4528985507246377 29.2964
1 1 1 1 1 1 1 0.5868544600938967 125.621002
1 1 1 0 0 0 0 0.8333333333333334 72.810097
1 0 0 0 0 0 0 0.5555555555555556 34.9981
1 1 1 1 1 0 0 0.5868544600938967 102.522003
1 1 1 1 1 0 0 0.8333333333333334 138.431
1 1 1 0 0 0 0 0.49603174603174605 53.610699
1 1 1 1 0 0 0 0.5868544600938967 54.030399
1 1 1 1 1 1 0 0.8333333333333334 166.074005
1 0 0 0 0 0 0 0.5868544600938967 41.431099
0 0 0 0 0 0 0 0.5241090146750524 14.792
0 0 0 0 0 0 0 0.8333333333333334 21.337601
1 1 0 0 0 0 0 0.5241090146750524 47.322601
1 1 1 0 0 0 0 1.4992503748125936 120.237
1 1 0 0 0 0 0 1.0 65.365303
1 0 0 0 0 0 0 0.5241090146750524 36.386902
1 1 1 0 0 0 0 0.5868544600938967 49.314301
1 1 1 1 0 0 0 1.4992503748125936 127.745003
0 0 0 0 0 0 0 0.7153075822603719 18.330099
1 0 0 0 0 0 0 0.6218905472636815 37.466202
0 0 0 0 0 0 0 0.6613756613756614 17.849199
1 1 1 0 0 0 0 0.49603174603174605 48.7887
1 1 0 0 0 0 0 1.0 68.103203
1 1 0 0 0 0 0 1.0 65.639099
1 1 1 1 1 1 0 0.6218905472636815 128.705002
1 1 1 1 1 0 0 0.5868544600938967 101.216003
0 0 0 0 0 0 0 0.7153075822603719 19.0509
1 0 0 0 0 0 0 0.6613756613756614 39.090801
1 0 0 0 0 0 0 0.8333333333333334 54.377602
1 1 1 0 0 0 0 0.5868544600938967 60.845402
0 0 0 0 0 0 0 0.5241090146750524 15.2075
1 1 0 0 0 0 0 0.47619047619047616 36.050201
0 0 0 0 0 0 0 0.5555555555555556 15.2197
1 1 0 0 0 0 0 0.47619047619047616 41.232899
1 1 1 0 0 0 0 0.49603174603174605 50.5019
1 0 0 0 0 0 0 0.49603174603174605 33.167801
1 1 1 1 1 1 0 2.0 458.610992
1 1 1 1 1 0 0 0.49603174603174605 87.954201
1 0 0 0 0 0 0 1.0 59.372002
1 1 1 0 0 0 0 0.47619047619047616 40.827499
0 0 0 0 0 0 0 1.4992503748125936 36.893799
1 0 0 0 0 0 0 0.6613756613756614 42.131901
0 0 0 0 0 0 0 0.49603174603174605 15.3401
1 1 0 0 0 0 0 0.4528985507246377 40.059502
1 0 0 0 0 0 0 1.0 56.257702
0 0 0 0 0 0 0 1.0 24.3468
1 0 0 0 0 0 0 0.6218905472636815 36.687901
1 0 0 0 0 0 0 0.7153075822603719 45.086601
1 1 1 0 0 0 0 2.0 160.348999
0 0 0 0 0 0 0 0.5241090146750524 14.8788
1 1 1 0 0 0 0 0.6218905472636815 61.907101
1 1 1 1 1 1 0 0.5241090146750524 109.004997
0 0 0 0 0 0 0 0.5868544600938967 15.9123
1 0 0 0 0 0 0 0.5241090146750524 38.941299
0 0 0 0 0 0 0 0.7153075822603719 18.3647
0 0 0 0 0 0 0 0.5241090146750524 15.0563
1 0 0 0 0 0 0 0.4528985507246377 32.534
1 1 0 0 0 0 0 0.49603174603174605 37.339298
1 1 0 0 0 0 0 0.6613756613756614 56.642399
1 1 0 0 0 0 0 0.49603174603174605 42.531799
1 0 0 0 0 0 0 0.6613756613756614 42.129101
0 0 0 0 0 0 0 1.0 23.811899
0 0 0 0 0 0 0 0.6613756613756614 18.0256
1 0 0 0 0 0 0 1.0 65.0709
0 0 0 0 0 0 0 0.7153075822603719 19.010201
1 1 0 0 0 0 0 0.6613756613756614 50.983101
0 0 0 0 0 0 0 0.47619047619047616 11.9912
1 1 1 1 1 0 0 0.4528985507246377 83.026398
0 0 0 0 0 0 0 1.4992503748125936 36.020599
1 1 0 0 0 0 0 0.5555555555555556 45.067101
1 1 1 0 0 0 0 0.4528985507246377 45.9781
1 1 1 1 0 0 0 0.4528985507246377 49.068298
1 0 0 0 0 0 0 1.0 58.949799
1 1 1 0 0 0 0 2.0 163.097
1 1 1 0 0 0 0 0.6613756613756614 51.997501
0 0 0 0 0 0 0 0.47619047619047616 14.2952
1 1 1 1 0 0 0 0.5555555555555556 54.797298
0 0 0 0 0 0 0 0.6613756613756614 17.106199
1 0 0 0 0 0 0 1.0 64.388603
1 1 1 1 1 1 0 1.4992503748125936 304.22699
0 0 0 0 0 0 0 0.47619047619047616 14.0438
1 0 0 0 0 0 0 0.5555555555555556 33.013599
1 1 1 1 0 0 0 1.0 92.309502
1 0 0 0 0 0 0 1.4992503748125936 88.430702
1 1 0 0 0 0 0 0.5868544600938967 53.143101
1 1 1 0 0 0 0 0.5555555555555556 47.685799
1 0 0 0 0 0 0 0.7153075822603719 43.532398
0 0 0 0 0 0 0 0.8333333333333334 20.0984
1 0 0 0 0 0 0 0.5241090146750524 33.5606
1 1 0 0 0 0 0 0.5868544600938967 46.6054
1 1 1 0 0 0 0 0.5241090146750524 55.787498
0 0 0 0 0 0 0 2.0 52.2999
0 0 0 0 0 0 0 0.8333333333333334 21.166599
0 0 0 0 0 0 0 0.7153075822603719 18.1269
1 0 0 0 0 0 0 1.4992503748125936 89.872704
1 1 1 0 0 0 0 0.6613756613756614 52.387798
1 1 0 0 0 0 0 0.6218905472636815 45.6371
0 0 0 0 0 0 0 0.4528985507246377 13.0911
1 1 1 0 0 0 0 1.4992503748125936 110.442001
1 0 0 0 0 0 0 1.0 54.584202
1 0 0 0 0 0 0 1.4992503748125936 81.041199
1 0 0 0 0 0 0 0.5241090146750524 41.198898
1 0 0 0 0 0 0 2.0 118.964996
1 1 1 1 0 0 0 1.0 87.613998
0 0 0 0 0 0 0 0.49603174603174605 14.1781
1 1 1 1 1 0 0 0.6218905472636815 107.398003
1 0 0 0 0 0 0 0.49603174603174605 30.730101
0 0 0 0 0 0 0 0.4528985507246377 13.5229
1 0 0 0 0 0 0 0.5868544600938967 38.2342
1 1 1 0 0 0 0 0.7153075822603719 66.665703
1 1 1 1 1 1 1 2.0 478.083008
0 0 0 0 0 0 0 0.6218905472636815 16.532
1 1 1 1 1 0 0 0.5241090146750524 93.648399
1 1 0 0 0 0 0 0.5555555555555556 40.067101
1 1 0 0 0 0 0 2.0 129.029007
1 1 0 0 0 0 0 0.6218905472636815 44.4431
0 0 0 0 0 0 0 1.0 24.441601
1 0 0 0 0 0 0 1.4992503748125936 77.2481
1 0 0 0 0 0 0 1.0 56.003399
1 1 0 0 0 0 0 2.0 132.281998
1 1 1 0 0 0 0 0.6218905472636815 63.029598
1 1 1 1 0 0 0 0.8333333333333334 74.070503
1 1 1 1 1 1 0 0.6218905472636815 129.429993
1 1 0 0 0 0 0 0.5555555555555556 39.653301
1 1 0 0 0 0 0 0.5868544600938967 47.505501
1 1 1 1 0 0 0 0.7153075822603719 64.488098
0 0 0 0 0 0 0 0.5241090146750524 14.4514
0 0 0 0 0 0 0 1.0 25.4419
1 1 1 0 0 0 0 0.5241090146750524 43.882599
1 0 0 0 0 0 0 0.5555555555555556 42.048698
1 1 1 0 0 0 0 0.5868544600938967 48.187199
1 1 1 1 1 0 0 1.0 166.645996
0 0 0 0 0 0 0 0.7153075822603719 18.303301
0 0 0 0 0 0 0 0.6613756613756614 17.077299
1 1 1 1 1 0 0 0.6218905472636815 103.438004
1 1 1 1 1 0 0 0.5241090146750524 94.781502
0 0 0 0 0 0 0 0.47619047619047616 13.6577
1 1 1 0 0 0 0 1.4992503748125936 118.233002
1 1 1 1 1 0 0 0.5241090146750524 92.670898
1 1 0 0 0 0 0 0.5241090146750524 38.668598
1 1 1 0 0 0 0 1.4992503748125936 119.426003
0 0 0 0 0 0 0 0.6218905472636815 16.810301
1 0 0 0 0 0 0 0.6613756613756614 45.965199
1 0 0 0 0 0 0 0.8333333333333334 49.591099
0 0 0 0 0 0 0 0.49603174603174605 14.4519
1 1 1 0 0 0 0 0.5241090146750524 57.034801
1 1 1 0 0 0 0 0.7153075822603719 55.324402
1 1 1 1 0 0 0 0.8333333333333334 77.078796
1 1 1 0 0 0 0 0.5868544600938967 48.4916
0 0 0 0 0 0 0 1.4992503748125936 32.232498
1 0 0 0 0 0 0 1.0 62.297298
1 1 0 0 0 0 0 0.47619047619047616 44.354599
1 1 1 1 0 0 0 0.5868544600938967 65.060898
0 0 0 0 0 0 0 0.8333333333333334 22.049
0 0 0 0 0 0 0 0.5555555555555556 15.029
1 1 1 1 0 0 0 0.47619047619047616 57.926899
1 1 1 0 0 0 0 0.8333333333333334 78.373299
1 1 1 1 0 0 0 0.6613756613756614 66.937798
1 1 1 1 0 0 0 1.0 82.892502
1 0 0 0 0 0 0 2.0 109.153
1 0 0 0 0 0 0 0.5555555555555556 39.9384
1 0 0 0 0 0 0 0.47619047619047616 34.394001
1 1 0 0 0 0 0 0.7153075822603719 63.220001
1 0 0 0 0 0 0 0.5241090146750524 34.533699
1 0 0 0 0 0 0 0.6613756613756614 45.690701
1 1 0 0 0 0 0 0.6218905472636815 44.644001
0 0 0 0 0 0 0 0.4528985507246377 13.3497
1 1 0 0 0 0 0 0.6613756613756614 52.545601
1 1 1 0 0 0 0 0.6613756613756614 64.929298
1 0 0 0 0 0 0 0.6613756613756614 42.180901
1 0 0 0 0 0 0 1.4992503748125936 81.684097
1 1 1 1 0 0 0 0.5868544600938967 64.965599
1 0 0 0 0 0 0 0.5868544600938967 38.958401
1 0 0 0 0 0 0 1.4992503748125936 83.2603
1 1 1 1 0 0 0 1.0 81.897903
1 1 1 1 1 0 0 0.5868544600938967 104.672997
0 0 0 0 0 0 0 1.0 24.6224
0 0 0 0 0 0 0 0.4528985507246377 13.3393
1 0 0 0 0 0 0 1.0 64.398804
1 1 1 0 0 0 0 2.0 157.231003
1 0 0 0 0 0 0 0.4528985507246377 31.551701
1 1 1 0 0 0 0 0.5555555555555556 58.3428
0 0 0 0 0 0 0 1.4992503748125936 36.8568
1 1 1 1 1 0 0 0.5555555555555556 98.133003
1 1 1 1 0 0 0 2.0 179.154007
1 1 0 0 0 0 0 0.8333333333333334 55.82
0 0 0 0 0 0 0 0.6218905472636815 16.7313
0 0 0 0 0 0 0 0.49603174603174605 14.2379
0 0 0 0 0 0 0 0.49603174603174605 13.9013
1 0 0 0 0 0 0 0.8333333333333334 54.104401
1 0 0 0 0 0 0 0.5241090146750524 39.624901
1 1 0 0 0 0 0 2.0 133.822006
0 0 0 0 0 0 0 0.49603174603174605 14.6766
1 1 0 0 0 0 0 0.5241090146750524 43.520199
1 1 1 1 0 0 0 0.4528985507246377 58.107899
1 1 1 1 0 0 0 2.0 177.940994
1 1 1 1 0 0 0 0.47619047619047616 58.618401
1 1 1 1 1 0 0 0.5555555555555556 97.917702
1 1 1 1 1 0 0 2.0 369.677002
1 1 1 1 1 0 0 0.6218905472636815 107.286003
1 1 1 1 1 1 0 0.4528985507246377 98.172501
0 0 0 0 0 0 0 0.47619047619047616 13.8443
1 1 0 0 0 0 0 0.7153075822603719 50.345001
1 0 0 0 0 0 0 0.47619047619047616 35.4842
1 0 0 0 0 0 0 0.47619047619047616 31.708599
0 0 0 0 0 0 0 1.0 24.654699
1 1 0 0 0 0 0 0.7153075822603719 51.144798
1 0 0 0 0 0 0 2.0 107.429001
1 1 1 1 1 0 0 0.5555555555555556 96.986801
1 1 1 0 0 0 0 0.6218905472636815 56.603298
1 1 1 0 0 0 0 0.49603174603174605 54.199299
1 1 0 0 0 0 0 0.4528985507246377 33.667099
1 1 1 0 0 0 0 0.8333333333333334 62.7285
0 0 0 0 0 0 0 1.0 23.663601
1 1 0 0 0 0 0 2.0 135.020996
1 0 0 0 0 0 0 1.4992503748125936 81.402298
1 1 1 1 0 0 0 2.0 169.292007
0 0 0 0 0 0 0 0.6613756613756614 17.0457
0 0 0 0 0 0 0 0.47619047619047616 13.4916
1 1 1 0 0 0 0 0.6613756613756614 52.023998
1 1 1 1 1 1 1 0.4528985507246377 100.247002
1 1 1 1 0 0 0 1.4992503748125936 121.785004
0 0 0 0 0 0 0 0.49603174603174605 13.8882
1 1 1 1 1 1 0 0.5555555555555556 114.778999
1 1 1 0 0 0 0 0.6218905472636815 63.312199
1 0 0 0 0 0 0 0.5241090146750524 34.262699
1 1 0 0 0 0 0 0.5555555555555556 49.676601
1 0 0 0 0 0 0 0.8333333333333334 54.5476
0 0 0 0 0 0 0 0.4528985507246377 13.4357
1 1 0 0 0 0 0 0.47619047619047616 42.965599
1 1 1 0 0 0 0 0.5555555555555556 57.056499
0 0 0 0 0 0 0 0.4528985507246377 13.1653
1 1 1 1 1 1 1 2.0 478.684998
0 0 0 0 0 0 0 1.0 21.578199
1 1 1 1 0 0 0 1.0 87.3797
1 1 0 0 0 0 0 1.4992503748125936 98.006897
0 0 0 0 0 0 0 0.6613756613756614 16.956301
1 1 0 0 0 0 0 0.4528985507246377 33.540798
0 0 0 0 0 0 0 0.6613756613756614 16.9074
1 0 0 0 0 0 0 0.7153075822603719 46.128502
1 1 1 0 0 0 0 0.6613756613756614 52.469299
0 0 0 0 0 0 0 0.8333333333333334 20.627001
1 1 1 1 0 0 0 0.5241090146750524 62.016499
1 1 0 0 0 0 0 0.5241090146750524 41.315899
1 0 0 0 0 0 0 1.0 55.0228
1 1 1 0 0 0 0 1.4992503748125936 108.289001
0 0 0 0 0 0 0 0.5868544600938967 15.8619
1 1 1 0 0 0 0 0.6613756613756614 57.422901
0 0 0 0 0 0 0 0.47619047619047616 13.9297
0 0 0 0 0 0 0 0.6613756613756614 18.0571
1 1 0 0 0 0 0 0.47619047619047616 45.002102
0 0 0 0 0 0 0 0.8333333333333334 21.030199
1 1 1 1 0 0 0 0.5555555555555556 54.833801
0 0 0 0 0 0 0 0.6613756613756614 17.758101
0 0 0 0 0 0 0 0.5241090146750524 12.9795
1 0 0 0 0 0 0 0.8333333333333334 47.986599
1 0 0 0 0 0 0 0.4528985507246377 30.5844
0 0 0 0 0 0 0 0.47619047619047616 13.8724
1 1 0 0 0 0 0 0.5555555555555556 50.395
1 0 0 0 0 0 0 0.6613756613756614 43.736099
1 1 1 0 0 0 0 0.47619047619047616 51.9533
1 0 0 0 0 0 0 0.6613756613756614 41.059101
1 1 0 0 0 0 0 0.47619047619047616 34.535301
0 0 0 0 0 0 0 2.0 53.1017
1 1 1 1 0 0 0 0.6218905472636815 58.533401
1 1 1 1 0 0 0 0.5555555555555556 54.871101
1 1 1 1 1 0 0 0.47619047619047616 86.905098
1 1 1 1 1 0 0 2.0 370.688995
1 0 0 0 0 0 0 0.49603174603174605 39.255199
0 0 0 0 0 0 0 0.47619047619047616 14.5499
1 1 1 0 0 0 0 0.6218905472636815 61.337898
0 0 0 0 0 0 0 0.47619047619047616 13.4441
1 1 1 0 0 0 0 0.5241090146750524 51.2785
1 1 1 1 1 1 1 2.0 477.404999
1 1 0 0 0 0 0 2.0 127.860001
1 1 1 1 1 1 1 0.5555555555555556 119.100998
1 1 1 1 1 0 0 0.47619047619047616 85.003601
1 1 1 0 0 0 0 0.6613756613756614 66.145798
1 1 0 0 0 0 0 0.6218905472636815 53.9389
0 0 0 0 0 0 0 1.0 21.6467
1 0 0 0 0 0 0 0.5241090146750524 34.643002
1 0 0 0 0 0 0 1.4992503748125936 89.007301
1 0 0 0 0 0 0 0.49603174603174605 30.0508
0 0 0 0 0 0 0 0.8333333333333334 20.695499
1 1 1 1 1 1 1 0.5555555555555556 119.182999
1 1 1 0 0 0 0 0.7153075822603719 67.872902
1 1 0 0 0 0 0 0.8333333333333334 71.044197
1 1 1 1 1 0 0 0.6613756613756614 113.084999
0 0 0 0 0 0 0 0.8333333333333334 21.547899
0 0 0 0 0 0 0 0.7153075822603719 18.2337
1 1 1 1 1 1 0 0.6613756613756614 135.091995
1 1 1 1 0 0 0 0.49603174603174605 59.701801
1 0 0 0 0 0 0 0.5555555555555556 35.819599
1 1 1 1 0 0 0 0.4528985507246377 49.333302
0 0 0 0 0 0 0 0.6218905472636815 16.3218
1 0 0 0 0 0 0 0.4528985507246377 35.392799
1 0 0 0 0 0 0 0.7153075822603719 43.353699
1 0 0 0 0 0 0 0.49603174603174605 31.688801
0 0 0 0 0 0 0 0.49603174603174605 13.8403
1 0 0 0 0 0 0 0.6218905472636815 40.910702
1 1 1 1 1 1 0 0.4528985507246377 96.392097
1 1 1 1 0 0 0 1.0 91.678802
1 1 0 0 0 0 0 0.49603174603174605 45.370098
1 1 0 0 0 0 0 0.6218905472636815 44.256302
1 1 1 1 1 1 0 1.4992503748125936 299.47699
1 0 0 0 0 0 0 0.5241090146750524 32.487301
0 0 0 0 0 0 0 0.6218905472636815 17.185699
0 0 0 0 0 0 0 0.5868544600938967 15.7207
1 1 0 0 0 0 0 0.47619047619047616 45.118599
1 0 0 0 0 0 0 0.49603174603174605 37.792099
1 0 0 0 0 0 0 2.0 117.577003
0 0 0 0 0 0 0 1.4992503748125936 31.627899
0 0 0 0 0 0 0 0.47619047619047616 14.0052
0 0 0 0 0 0 0 0.47619047619047616 14.3447
1 1 1 1 1 1 0 0.5241090146750524 108.388
1 1 1 0 0 0 0 0.7153075822603719 67.377998
1 1 1 1 1 0 0 0.6218905472636815 108.767998
1 1 1 0 0 0 0 0.5868544600938967 53.784401
1 1 0 0 0 0 0 0.4528985507246377 37.6129
1 1 1 1 0 0 0 0.5241090146750524 53.134399
1 1 1 0 0 0 0 1.0 86.174103
1 1 1 0 0 0 0 0.5868544600938967 54.929401
0 0 0 0 0 0 0 0.7153075822603719 18.2719
1 1 1 0 0 0 0 1.0 85.495903
1 1 1 1 0 0 0 0.5868544600938967 64.570396
1 1 0 0 0 0 0 0.47619047619047616 42.063999
1 0 0 0 0 0 0 0.8333333333333334 48.142799
0 0 0 0 0 0 0 0.8333333333333334 22.312201
1 1 0 0 0 0 0 1.4992503748125936 105.005997
1 0 0 0 0 0 0 0.5868544600938967 42.014301
1 1 0 0 0 0 0 0.47619047619047616 42.815498
1 1 1 0 0 0 0 1.0 85.043602
1 1 1 1 0 0 0 0.4528985507246377 49.503502
1 0 0 0 0 0 0 0.6613756613756614 39.1231
1 0 0 0 0 0 0 0.8333333333333334 49.8783
1 0 0 0 0 0 0 0.6613756613756614 42.397202
1 0 0 0 0 0 0 0.4528985507246377 35.5163
1 0 0 0 0 0 0 0.5241090146750524 33.7444
1 1 1 1 1 1 0 0.49603174603174605 104.554001
0 0 0 0 0 0 0 0.49603174603174605 14.0005
1 0 0 0 0 0 0 0.47619047619047616 33.643398
1 1 0 0 0 0 0 0.5241090146750524 38.528801
1 1 0 0 0 0 0 0.49603174603174605 44.154301
1 1 1 1 1 1 0 0.5868544600938967 127.546997
0 0 0 0 0 0 0 1.0 25.663
1 1 0 0 0 0 0 1.4992503748125936 94.9533
0 0 0 0 0 0 0 0.6613756613756614 15.3552
0 0 0 0 0 0 0 0.6613756613756614 17.789101
1 1 1 0 0 0 0 2.0 161.160004
1 1 0 0 0 0 0 1.4992503748125936 95.231003
1 0 0 0 0 0 0 0.5555555555555556 40.920601
1 1 0 0 0 0 0 0.4528985507246377 43.622898
1 0 0 0 0 0 0 0.5555555555555556 35.345299
1 1 1 0 0 0 0 0.5241090146750524 63.967602
1 1 1 1 1 0 0 0.6613756613756614 113.861
1 1 0 0 0 0 0 0.6218905472636815 48.990398
1 1 1 1 0 0 0 1.0 80.619797
0 0 0 0 0 0 0 0.5555555555555556 15.6609
0 0 0 0 0 0 0 1.0 24.8531
0 0 0 0 0 0 0 0.5555555555555556 15.4317
1 0 0 0 0 0 0 0.7153075822603719 45.385601
1 1 0 0 0 0 0 0.6218905472636815 42.4958
1 0 0 0 0 0 0 0.5241090146750524 38.220001
1 1 1 1 0 0 0 0.47619047619047616 57.402901
1 1 1 1 0 0 0 0.8333333333333334 67.285698
1 1 1 0 0 0 0 0.49603174603174605 40.380798
1 1 1 1 1 0 0 1.0 161.912003
1 0 0 0 0 0 0 1.0 59.2682
1 1 1 1 1 0 0 0.6218905472636815 107.321999
1 0 0 0 0 0 0 0.7153075822603719 48.162498
0 0 0 0 0 0 0 0.7153075822603719 18.705601
1 1 1 1 1 0 0 0.6218905472636815 104.514999
1 0 0 0 0 0 0 0.5241090146750524 34.662498
1 1 1 1 1 0 0 0.5555555555555556 99.181297
1 1 1 1 0 0 0 2.0 166.100998
1 1 1 1 0 0 0 2.0 158.268997
1 1 0 0 0 0 0 1.4992503748125936 98.055496
1 1 1 1 0 0 0 0.8333333333333334 71.651001
1 1 0 0 0 0 0 1.0 76.764297
1 1 1 1 0 0 0 0.5868544600938967 58.106602
1 1 1 1 1 1 1 0.7153075822603719 149.904999
1 1 1 1 0 0 0 0.5241090146750524 59.575699
0 0 0 0 0 0 0 0.47619047619047616 13.4511
1 1 1 1 1 1 0 0.4528985507246377 96.838402
1 1 0 0 0 0 0 0.6218905472636815 49.054798
1 1 0 0 0 0 0 0.5555555555555556 41.0191
1 1 1 0 0 0 0 0.5868544600938967 53.146702
1 1 0 0 0 0 0 0.5241090146750524 47.326401
0 0 0 0 0 0 0 2.0 50.443802
1 1 1 0 0 0 0 0.8333333333333334 63.508202
1 1 1 1 1 0 0 0.5241090146750524 91.592499
1 1 1 1 0 0 0 0.49603174603174605 45.141102
1 1 0 0 0 0 0 0.5241090146750524 39.202202
0 0 0 0 0 0 0 0.8333333333333334 20.6434
0 0 0 0 0 0 0 0.6218905472636815 16.348101
0 0 0 0 0 0 0 0.47619047619047616 13.8035
1 0 0 0 0 0 0 0.8333333333333334 45.2999
1 1 0 0 0 0 0 0.5241090146750524 43.465599
1 1 1 1 1 0 0 0.49603174603174605 90.533302
0 0 0 0 0 0 0 0.47619047619047616 13.7288
0 0 0 0 0 0 0 0.7153075822603719 18.577999
0 0 0 0 0 0 0 0.49603174603174605 13.7331
1 1 1 0 0 0 0 2.0 157.123993
1 0 0 0 0 0 0 0.7153075822603719 42.848701
1 1 0 0 0 0 0 0.49603174603174605 37.895599
1 1 1 1 1 0 0 0.6613756613756614 112.824997
1 1 0 0 0 0 0 0.49603174603174605 44.329201
1 1 1 0 0 0 0 1.4992503748125936 117.633003
0 0 0 0 0 0 0 0.8333333333333334 20.904301
0 0 0 0 0 0 0 0.7153075822603719 18.182199
1 1 1 1 0 0 0 0.6613756613756614 60.821999
1 1 1 1 1 1 0 0.7153075822603719 146.207001
1 1 1 0 0 0 0 0.8333333333333334 74.025803
1 1 0 0 0 0 0 0.49603174603174605 37.806499
0 0 0 0 0 0 0 0.49603174603174605 13.9747
1 1 1 1 0 0 0 0.5868544600938967 56.406502
1 1 0 0 0 0 0 0.5241090146750524 41.097198
1 1 0 0 0 0 0 2.0 145.274994
1 1 1 0 0 0 0 0.8333333333333334 63.077499
1 1 0 0 0 0 0 0.47619047619047616 36.249401
1 1 1 0 0 0 0 0.49603174603174605 42.4944
0 0 0 0 0 0 0 2.0 50.362099
1 0 0 0 0 0 0 0.47619047619047616 31.439199
0 0 0 0 0 0 0 0.5241090146750524 15.4426
1 1 0 0 0 0 0 0.5555555555555556 46.3423
1 1 1 1 0 0 0 0.5555555555555556 48.092999
1 0 0 0 0 0 0 0.8333333333333334 54.388199
0 0 0 0 0 0 0 0.47619047619047616 13.3998
1 1 1 1 0 0 0 0.5868544600938967 66.745399
1 1 1 1 1 1 0 0.47619047619047616 100.791
0 0 0 0 0 0 0 0.6613756613756614 15.2631
0 0 0 0 0 0 0 0.6613756613756614 17.7146
0 0 0 0 0 0 0 0.7153075822603719 18.8421
1 0 0 0 0 0 0 0.49603174603174605 34.0093
1 1 1 0 0 0 0 0.7153075822603719 61.327599
1 1 1 1 0 0 0 0.5555555555555556 56.817699
1 1 1 1 0 0 0 0.5868544600938967 65.056602
1 1 1 1 1 0 0 0.5241090146750524 97.209602
1 1 1 1 0 0 0 0.47619047619047616 58.997002
1 1 0 0 0 0 0 1.0 66.232903
1 1 1 1 0 0 0 0.6218905472636815 66.118401
0 0 0 0 0 0 0 1.4992503748125936 35.076302
1 0 0 0 0 0 0 2.0 115.037003
1 1 1 1 0 0 0 0.6613756613756614 67.337997
1 1 0 0 0 0 0 0.5241090146750524 39.3008
1 0 0 0 0 0 0 0.5241090146750524 32.277
1 1 0 0 0 0 0 0.6613756613756614 57.341099
0 0 0 0 0 0 0 0.4528985507246377 14.037
0 0 0 0 0 0 0 0.5555555555555556 15.6105
0 0 0 0 0 0 0 0.7153075822603719 19.253099
1 0 0 0 0 0 0 1.0 53.1572
1 1 1 1 1 0 0 0.8333333333333334 135.604996
0 0 0 0 0 0 0 0.5241090146750524 15.0377
0 0 0 0 0 0 0 0.5241090146750524 14.5181
1 0 0 0 0 0 0 0.4528985507246377 29.7141
1 1 0 0 0 0 0 0.4528985507246377 47.1647
1 1 1 1 0 0 0 0.5555555555555556 62.436699
0 0 0 0 0 0 0 0.5555555555555556 15.989
1 0 0 0 0 0 0 0.5868544600938967 41.952702
0 0 0 0 0 0 0 0.5555555555555556 15.2505
0 0 0 0 0 0 0 0.4528985507246377 13.6808
0 0 0 0 0 0 0 2.0 44.505402
1 1 0 0 0 0 0 0.47619047619047616 43.673199
1 1 1 1 0 0 0 1.0 86.081398
1 0 0 0 0 0 0 0.5241090146750524 32.710201
1 0 0 0 0 0 0 0.5555555555555556 37.347801
1 1 1 1 0 0 0 0.5241090146750524 60.2854
1 1 1 1 1 1 0 2.0 461.881012
1 1 1 1 0 0 0 0.49603174603174605 57.953602
1 1 1 1 1 0 0 0.7153075822603719 121.754997
1 1 0 0 0 0 0 0.6218905472636815 53.679901
1 0 0 0 0 0 0 0.6613756613756614 45.090801
1 1 0 0 0 0 0 0.5868544600938967 40.526798
1 1 0 0 0 0 0 1.0 76.984901
1 0 0 0 0 0 0 1.4992503748125936 83.347198
1 1 0 0 0 0 0 1.4992503748125936 96.186996
1 1 1 1 1 1 0 1.4992503748125936 295.221008
1 0 0 0 0 0 0 0.5241090146750524 38.3116
1 1 1 0 0 0 0 1.0 77.676102
1 1 1 1 1 0 0 0.7153075822603719 120.733002
1 1 1 1 1 1 0 0.7153075822603719 143.904999
0 0 0 0 0 0 0 0.49603174603174605 12.2858
1 1 1 1 1 0 0 0.47619047619047616 82.031998
1 0 0 0 0 0 0 0.47619047619047616 35.072701
0 0 0 0 0 0 0 0.8333333333333334 21.2883
1 1 1 1 0 0 0 2.0 168.337997
1 0 0 0 0 0 0 1.4992503748125936 77.647499
1 1 1 1 1 1 0 0.5555555555555556 116.738998
1 1 1 1 0 0 0 0.8333333333333334 69.441299
1 1 1 1 0 0 0 0.49603174603174605 59.136799
1 1 1 0 0 0 0 0.5241090146750524 55.7299
0 0 0 0 0 0 0 0.6218905472636815 17.2272
1 0 0 0 0 0 0 0.49603174603174605 31.6814
0 0 0 0 0 0 0 0.5555555555555556 16.422199
0 0 0 0 0 0 0 0.6613756613756614 17.5247
0 0 0 0 0 0 0 0.8333333333333334 21.4233
1 1 0 0 0 0 0 0.5868544600938967 43.3176
0 0 0 0 0 0 0 0.5555555555555556 15.088
1 1 1 1 0 0 0 0.47619047619047616 58.581402
0 0 0 0 0 0 0 2.0 53.346401
1 1 0 0 0 0 0 0.5555555555555556 38.970798
1 0 0 0 0 0 0 0.8333333333333334 47.103001
1 0 0 0 0 0 0 0.4528985507246377 31.277
1 0 0 0 0 0 0 0.8333333333333334 46.580502
1 1 1 1 0 0 0 0.6613756613756614 55.522999
1 1 0 0 0 0 0 1.4992503748125936 95.187698
0 0 0 0 0 0 0 0.7153075822603719 16.4394
0 0 0 0 0 0 0 1.0 25.5811
1 1 0 0 0 0 0 0.5868544600938967 46.9147
1 1 1 1 0 0 0 0.47619047619047616 59.546101
1 1 1 1 0 0 0 1.4992503748125936 121.209999
1 1 1 1 1 1 0 0.47619047619047616 100.160004
1 1 0 0 0 0 0 0.6218905472636815 44.713299
1 0 0 0 0 0 0 0.7153075822603719 49.392399
1 0 0 0 0 0 0 0.8333333333333334 55.2318
1 1 1 0 0 0 0 0.5241090146750524 50.564499
0 0 0 0 0 0 0 0.7153075822603719 19.081699
1 1 1 0 0 0 0 0.5555555555555556 47.794701
1 0 0 0 0 0 0 0.49603174603174605 29.9867
1 1 1 1 1 0 0 0.6218905472636815 107.565002
1 0 0 0 0 0 0 1.4992503748125936 80.847702
1 0 0 0 0 0 0 0.47619047619047616 33.5313
1 1 1 1 1 1 1 0.6613756613756614 141.033997
1 0 0 0 0 0 0 0.6613756613756614 38.607101
0 0 0 0 0 0 0 0.5868544600938967 13.9279
1 0 0 0 0 0 0 0.5555555555555556 36.1563
1 1 0 0 0 0 0 1.4992503748125936 96.8806
1 0 0 0 0 0 0 0.7153075822603719 49.169201
1 0 0 0 0 0 0 2.0 107.032997
1 1 0 0 0 0 0 0.5868544600938967 51.5014
1 1 1 1 1 0 0 0.6613756613756614 114.242996
0 0 0 0 0 0 0 2.0 46.286701
1 0 0 0 0 0 0 1.0 58.298801
0 0 0 0 0 0 0 0.49603174603174605 14.8938
0 0 0 0 0 0 0 0.7153075822603719 18.9149
0 0 0 0 0 0 0 0.7153075822603719 18.260799
1 1 0 0 0 0 0 0.6613756613756614 56.393501
1 0 0 0 0 0 0 0.49603174603174605 29.9874
1 0 0 0 0 0 0 0.6613756613756614 46.109901
0 0 0 0 0 0 0 0.5555555555555556 15.0908
1 1 1 1 1 1 0 0.6218905472636815 125.830002
1 1 1 0 0 0 0 1.0 84.633904
0 0 0 0 0 0 0 0.7153075822603719 18.4447
1 1 1 0 0 0 0 1.4992503748125936 119.823997
1 1 1 1 1 0 0 0.5555555555555556 93.373802
1 1 1 1 1 1 0 0.4528985507246377 96.519997
1 1 1 0 0 0 0 0.7153075822603719 61.186298
1 1 1 0 0 0 0 0.5868544600938967 53.558498
0 0 0 0 0 0 0 0.5241090146750524 14.6439
1 1 1 0 0 0 0 0.7153075822603719 67.346497
1 1 1 1 1 0 0 0.5868544600938967 102.346001
0 0 0 0 0 0 0 0.5868544600938967 15.7821
1 1 1 1 1 1 0 0.5241090146750524 109.056999
1 0 0 0 0 0 0 0.5555555555555556 37.9133
1 1 1 1 1 0 0 1.0 167.188995
0 0 0 0 0 0 0 2.0 47.045101
0 0 0 0 0 0 0 0.8333333333333334 21.208099
0 0 0 0 0 0 0 0.49603174603174605 13.8588
1 1 1 1 1 0 0 0.6613756613756614 115.625999
0 0 0 0 0 0 0 0.4528985507246377 14.1789
0 0 0 0 0 0 0 1.4992503748125936 32.188099
1 1 0 0 0 0 0 0.7153075822603719 48.907799
0 0 0 0 0 0 0 0.8333333333333334 21.087
1 0 0 0 0 0 0 0.8333333333333334 54.408298
1 1 1 1 0 0 0 0.5555555555555556 60.998299
1 0 0 0 0 0 0 2.0 119.371002
0 0 0 0 0 0 0 1.0 24.169901
1 1 1 1 1 1 0 1.0 197.781006
1 1 1 1 1 0 0 0.5555555555555556 97.428802
1 0 0 0 0 0 0 0.6613756613756614 42.572399
1 0 0 0 0 0 0 0.7153075822603719 44.962101
1 1 1 1 0 0 0 2.0 176.768005
1 1 1 0 0 0 0 0.8333333333333334 68.325798
1 0 0 0 0 0 0 0.47619047619047616 36.871899
1 0 0 0 0 0 0 0.5555555555555556 40.201401
0 0 0 0 0 0 0 1.4992503748125936 37.4258
1 1 0 0 0 0 0 0.7153075822603719 50.3181
0 0 0 0 0 0 0 0.49603174603174605 14.2642
1 0 0 0 0 0 0 0.7153075822603719 42.203701
0 0 0 0 0 0 0 0.5868544600938967 16.287201
0 0 0 0 0 0 0 1.0 24.1779
1 1 1 0 0 0 0 0.47619047619047616 46.772099
1 1 1 1 0 0 0 0.5555555555555556 62.750801
1 1 1 0 0 0 0 1.4992503748125936 109.630997
1 1 1 1 1 0 0 0.5241090146750524 92.092201
1 1 1 1 1 0 0 0.6613756613756614 113.435997
1 1 0 0 0 0 0 0.7153075822603719 49.171101
1 1 1 0 0 0 0 0.8333333333333334 74.441902
1 1 1 1 0 0 0 1.0 81.469704
1 0 0 0 0 0 0 0.5555555555555556 36.0317
0 0 0 0 0 0 0 0.5241090146750524 15.3022
1 1 1 0 0 0 0 0.5241090146750524 43.754002
1 0 0 0 0 0 0 2.0 109.888
1 0 0 0 0 0 0 0.49603174603174605 31.6542
1 1 1 1 0 0 0 1.4992503748125936 121.531998
1 1 1 1 0 0 0 0.6218905472636815 67.877602
0 0 0 0 0 0 0 0.5555555555555556 15.4653
0 0 0 0 0 0 0 0.6218905472636815 17.105301
1 1 1 1 1 1 0 0.49603174603174605 104.149002
1 1 0 0 0 0 0 0.5555555555555556 38.559898
1 1 1 1 0 0 0 0.5868544600938967 56.516602
1 1 1 1 1 1 0 0.4528985507246377 96.121902
1 1 0 0 0 0 0 0.49603174603174605 46.041801
1 1 1 0 0 0 0 2.0 151.684998
1 0 0 0 0 0 0 2.0 108.519997
1 0 0 0 0 0 0 1.4992503748125936 81.255997
1 0 0 0 0 0 0 0.6218905472636815 37.684299
0 0 0 0 0 0 0 0.4528985507246377 13.2014
1 0 0 0 0 0 0 2.0 110.733002
0 0 0 0 0 0 0 0.6613756613756614 17.5301
1 1 1 1 1 1 0 0.7153075822603719 143.718002
1 1 1 0 0 0 0 0.49603174603174605 44.145802
0 0 0 0 0 0 0 0.49603174603174605 14.5243
1 1 1 0 0 0 0 0.7153075822603719 58.231998
1 0 0 0 0 0 0 0.5868544600938967 38.971802
1 0 0 0 0 0 0 0.6218905472636815 38.674702
1 1 1 1 1 1 0 1.0 206.955994
1 1 1 1 1 1 0 0.6218905472636815 127.376999
1 1 1 1 1 0 0 0.5868544600938967 101.800003
0 0 0 0 0 0 0 0.5868544600938967 15.8378
1 0 0 0 0 0 0 0.4528985507246377 28.214199
1 1 1 0 0 0 0 0.8333333333333334 63.1129
1 1 0 0 0 0 0 1.4992503748125936 98.376297
1 1 1 1 0 0 0 0.6613756613756614 67.726196
1 1 1 0 0 0 0 0.6613756613756614 53.892502
1 1 1 0 0 0 0 0.7153075822603719 55.562401
0 0 0 0 0 0 0 0.6613756613756614 18.4382
1 1 1 1 1 0 0 0.8333333333333334 138.776001
1 1 1 0 0 0 0 2.0 162.460007
1 1 0 0 0 0 0 0.4528985507246377 43.890701
0 0 0 0 0 0 0 2.0 50.121101
1 1 1 1 0 0 0 0.49603174603174605 44.334202
0 0 0 0 0 0 0 0.5241090146750524 14.2788
0 0 0 0 0 0 0 0.7153075822603719 18.1299
1 1 1 1 0 0 0 1.4992503748125936 117.678001
1 1 1 0 0 0 0 0.4528985507246377 38.153
1 1 1 1 1 0 0 0.7153075822603719 120.184998
0 0 0 0 0 0 0 0.7153075822603719 19.087799
0 0 0 0 0 0 0 0.49603174603174605 13.923
1 1 1 1 0 0 0 1.0 90.1091
1 0 0 0 0 0 0 1.0 54.1049
0 0 0 0 0 0 0 0.47619047619047616 14.3262
0 0 0 0 0 0 0 0.6218905472636815 17.100201
1 1 1 0 0 0 0 0.6613756613756614 64.065498
0 0 0 0 0 0 0 1.0 25.3652
1 1 1 1 0 0 0 0.47619047619047616 50.510799
0 0 0 0 0 0 0 1.0 23.8925
0 0 0 0 0 0 0 0.5555555555555556 15.439
1 0 0 0 0 0 0 0.5555555555555556 39.461601
1 0 0 0 0 0 0 1.0 65.4104
1 0 0 0 0 0 0 0.4528985507246377 33.577301
1 1 1 1 0 0 0 1.0 79.744698
1 1 1 0 0 0 0 1.4992503748125936 111.968002
0 0 0 0 0 0 0 0.5555555555555556 16.133801
1 1 0 0 0 0 0 0.5555555555555556 50.989899
1 1 0 0 0 0 0 0.6218905472636815 44.2458
1 1 0 0 0 0 0 0.6613756613756614 52.330799
1 1 1 1 0 0 0 0.5241090146750524 60.466801
1 1 0 0 0 0 0 0.5555555555555556 50.701801
1 1 0 0 0 0 0 0.49603174603174605 35.591202
1 1 1 1 1 0 0 0.5241090146750524 89.368301
1 1 1 0 0 0 0 0.47619047619047616 40.324299
0 0 0 0 0 0 0 0.8333333333333334 20.3057
0 0 0 0 0 0 0 0.5868544600938967 15.6152
1 0 0 0 0 0 0 0.6613756613756614 42.163502
1 1 0 0 0 0 0 0.5555555555555556 45.561699
0 0 0 0 0 0 0 1.0 24.438601
1 1 1 1 0 0 0 0.6613756613756614 62.467499
1 1 0 0 0 0 0 0.8333333333333334 55.476299
1 1 0 0 0 0 0 0.5555555555555556 50.2925
1 0 0 0 0 0 0 1.0 54.740799
1 0 0 0 0 0 0 0.5868544600938967 41.115601
0 0 0 0 0 0 0 1.4992503748125936 36.347301
0 0 0 0 0 0 0 0.6613756613756614 17.1115
1 1 0 0 0 0 0 0.4528985507246377 34.891602
0 0 0 0 0 0 0 0.8333333333333334 20.4634
0 0 0 0 0 0 0 0.5241090146750524 15.072
1 0 0 0 0 0 0 0.7153075822603719 40.877899
1 0 0 0 0 0 0 0.49603174603174605 33.196499
0 0 0 0 0 0 0 0.6613756613756614 15.3937
1 1 1 0 0 0 0 0.5241090146750524 55.995098
1 1 1 0 0 0 0 1.0 85.711304
1 1 1 1 0 0 0 2.0 174.490005
1 1 0 0 0 0 0 1.4992503748125936 102.989998
1 1 0 0 0 0 0 0.8333333333333334 54.860001
1 1 1 0 0 0 0 0.49603174603174605 44.448002
1 1 1 1 0 0 0 0.7153075822603719 66.139702
1 1 1 1 1 0 0 0.47619047619047616 87.343803
1 1 1 0 0 0 0 0.6613756613756614 66.878502
1 1 1 1 1 0 0 1.4992503748125936 247.895004
0 0 0 0 0 0 0 0.49603174603174605 14.4594
1 1 0 0 0 0 0 0.49603174603174605 38.154099
1 1 1 1 1 1 1 2.0 484.178986
1 1 0 0 0 0 0 0.5241090146750524 39.533401
1 0 0 0 0 0 0 0.6613756613756614 42.634499
1 0 0 0 0 0 0 0.6613756613756614 40.456902
0 0 0 0 0 0 0 0.47619047619047616 13.6123
1 1 1 1 1 0 0 2.0 371.46701
0 0 0 0 0 0 0 0.47619047619047616 13.7154
1 1 0 0 0 0 0 0.8333333333333334 67.939796
1 0 0 0 0 0 0 0.4528985507246377 28.7244
1 1 1 0 0 0 0 0.6218905472636815 55.546101
1 0 0 0 0 0 0 0.5868544600938967 43.752201
0 0 0 0 0 0 0 0.4528985507246377 12.9833
0 0 0 0 0 0 0 0.5241090146750524 14.8228
1 0 0 0 0 0 0 0.8333333333333334 54.624199
1 1 0 0 0 0 0 0.4528985507246377 35.984901
1 0 0 0 0 0 0 1.0 57.227699
1 1 1 0 0 0 0 0.7153075822603719 54.0368
1 1 1 1 0 0 0 2.0 178.636002
1 1 1 0 0 0 0 0.5555555555555556 53.507702
1 1 1 0 0 0 0 0.4528985507246377 45.691502
1 1 0 0 0 0 0 0.5555555555555556 45.3172
1 1 1 0 0 0 0 0.7153075822603719 66.712799
0 0 0 0 0 0 0 0.6613756613756614 18.061501
0 0 0 0 0 0 0 0.5868544600938967 15.9655
0 0 0 0 0 0 0 0.49603174603174605 13.9232
1 1 1 0 0 0 0 1.0 85.067299
0 0 0 0 0 0 0 1.0 23.7556
0 0 0 0 0 0 0 1.0 24.062901
1 1 1 0 0 0 0 0.49603174603174605 53.231201
1 0 0 0 0 0 0 1.0 58.7827
0 0 0 0 0 0 0 0.7153075822603719 18.019501
1 1 1 0 0 0 0 0.8333333333333334 73.002899
1 1 1 1 1 1 0 0.4528985507246377 95.731903
1 0 0 0 0 0 0 0.5868544600938967 40.543499
1 1 0 0 0 0 0 2.0 148.143005
0 0 0 0 0 0 0 0.8333333333333334 21.1007
1 0 0 0 0 0 0 0.49603174603174605 31.9198
1 1 1 0 0 0 0 0.5241090146750524 55.4902
0 0 0 0 0 0 0 0.47619047619047616 13.6186
0 0 0 0 0 0 0 0.4528985507246377 13.4884
1 1 1 0 0 0 0 0.49603174603174605 48.459801
0 0 0 0 0 0 0 0.6218905472636815 17.2815
1 1 1 1 0 0 0 0.5241090146750524 61.319801
1 1 1 1 1 0 0 0.5868544600938967 103.052002
0 0 0 0 0 0 0 0.5868544600938967 16.2048
0 0 0 0 0 0 0 2.0 50.3158
0 0 0 0 0 0 0 0.4528985507246377 13.0623
0 0 0 0 0 0 0 0.49603174603174605 13.9153
1 1 1 0 0 0 0 0.4528985507246377 50.297699
0 0 0 0 0 0 0 0.7153075822603719 18.9049
1 1 0 0 0 0 0 2.0 130.990005
1 1 1 1 1 1 1 0.5555555555555556 120.150002
1 0 0 0 0 0 0 0.8333333333333334 55.3507
1 1 1 1 0 0 0 0.47619047619047616 58.8437
0 0 0 0 0 0 0 2.0 55.040199
1 1 1 0 0 0 0 0.7153075822603719 60.660801
0 0 0 0 0 0 0 0.47619047619047616 13.4543
1 1 1 1 0 0 0 0.6613756613756614 62.2313
1 1 1 1 0 0 0 2.0 178.007004
1 1 0 0 0 0 0 0.8333333333333334 56.3339
1 1 1 0 0 0 0 0.8333333333333334 67.123497
1 1 0 0 0 0 0 1.4992503748125936 99.572502
1 0 0 0 0 0 0 0.5868544600938967 34.233601
1 1 1 0 0 0 0 0.47619047619047616 52.322102
0 0 0 0 0 0 0 0.47619047619047616 13.9199
1 1 1 1 0 0 0 0.6218905472636815 52.777401
0 0 0 0 0 0 0 0.5555555555555556 13.3384
1 1 1 0 0 0 0 0.6613756613756614 57.204201
1 0 0 0 0 0 0 0.6613756613756614 39.524399
1 1 0 0 0 0 0 0.4528985507246377 35.590401
1 0 0 0 0 0 0 2.0 111.448997
0 0 0 0 0 0 0 1.0 24.6588
0 0 0 0 0 0 0 0.7153075822603719 16.3585
1 0 0 0 0 0 0 0.47619047619047616 32.445301
1 1 0 0 0 0 0 1.0 77.793701
0 0 0 0 0 0 0 0.49603174603174605 13.9682
1 0 0 0 0 0 0 0.5868544600938967 34.516998
1 1 0 0 0 0 0 0.7153075822603719 48.8964
1 1 1 0 0 0 0 0.5868544600938967 53.66
1 1 0 0 0 0 0 2.0 133.016998
1 1 0 0 0 0 0 0.5555555555555556 39.142101
1 0 0 0 0 0 0 0.6218905472636815 37.6819
1 0 0 0 0 0 0 0.8333333333333334 52.677101
1 1 1 1 1 0 0 0.5555555555555556 97.341103
1 1 0 0 0 0 0 1.0 78.344597
1 1 1 1 0 0 0 0.47619047619047616 57.610001
1 1 1 0 0 0 0 0.5868544600938967 48.449299
0 0 0 0 0 0 0 0.7153075822603719 18.130501
1 1 0 0 0 0 0 0.7153075822603719 47.223499
1 1 0 0 0 0 0 0.47619047619047616 35.9002
1 1 1 1 1 1 0 0.6218905472636815 127.525002
1 1 1 1 0 0 0 0.47619047619047616 57.8274
1 0 0 0 0 0 0 0.47619047619047616 35.511501
0 0 0 0 0 0 0 0.8333333333333334 22.708
1 1 1 0 0 0 0 2.0 149.223007
1 1 1 0 0 0 0 0.7153075822603719 66.326797
1 1 1 1 1 0 0 0.6218905472636815 107.286003
1 0 0 0 0 0 0 1.0 55.530701
0 0 0 0 0 0 0 0.6218905472636815 17.0445
0 0 0 0 0 0 0 0.5555555555555556 14.9066
1 1 1 1 1 1 0 0.5555555555555556 118.459999
1 0 0 0 0 0 0 0.5241090146750524 37.921799
1 1 0 0 0 0 0 0.47619047619047616 44.967899
1 1 0 0 0 0 0 0.4528985507246377 41.1409
1 0 0 0 0 0 0 0.7153075822603719 44.003502
0 0 0 0 0 0 0 0.8333333333333334 22.169701
1 1 1 1 1 1 1 0.7153075822603719 150.024994
1 0 0 0 0 0 0 0.5555555555555556 39.3414
1 1 1 1 1 1 1 0.5868544600938967 125.262001
0 0 0 0 0 0 0 1.4992503748125936 35.816601
1 1 0 0 0 0 0 0.6613756613756614 51.117001
1 1 0 0 0 0 0 0.6218905472636815 49.193901
0 0 0 0 0 0 0 1.0 25.1938
0 0 0 0 0 0 0 1.0 24.742901
1 1 0 0 0 0 0 0.5241090146750524 39.3279
1 1 1 1 1 0 0 0.6218905472636815 106.485001
1 1 1 0 0 0 0 0.6218905472636815 54.817299
1 1 1 0 0 0 0 0.5555555555555556 58.896099
1 1 0 0 0 0 0 2.0 136.578995
1 1 0 0 0 0 0 0.8333333333333334 56.0051
0 0 0 0 0 0 0 0.7153075822603719 18.144501
0 0 0 0 0 0 0 0.4528985507246377 13.0636
1 1 1 1 0 0 0 0.5868544600938967 58.851601
1 1 1 0 0 0 0 1.0 85.137001
1 0 0 0 0 0 0 2.0 105.232002
1 1 1 1 0 0 0 1.4992503748125936 117.164001
0 0 0 0 0 0 0 0.49603174603174605 14.5683
1 1 1 0 0 0 0 1.0 77.789803
1 1 0 0 0 0 0 1.0 69.142601
1 0 0 0 0 0 0 0.4528985507246377 29.7416
1 1 1 1 0 0 0 0.5555555555555556 62.483501
1 1 0 0 0 0 0 2.0 143.442993
0 0 0 0 0 0 0 0.49603174603174605 14.4923
1 1 1 1 1 1 0 0.5868544600938967 120.664001
0 0 0 0 0 0 0 0.4528985507246377 13.3432
0 0 0 0 0 0 0 0.8333333333333334 20.7957
0 0 0 0 0 0 0 0.8333333333333334 21.572399
1 1 0 0 0 0 0 1.4992503748125936 95.838699
1 1 1 1 1 1 1 0.5868544600938967 126.560997
1 1 1 1 1 0 0 0.7153075822603719 120.025002
1 1 1 0 0 0 0 0.5868544600938967 58.636902
1 0 0 0 0 0 0 0.7153075822603719 42.313999
1 1 0 0 0 0 0 0.6613756613756614 46.879799
1 1 1 1 1 1 0 0.47619047619047616 101.224998
1 1 1 1 1 1 0 1.4992503748125936 300.73999
1 1 1 0 0 0 0 0.4528985507246377 45.824402
1 1 1 0 0 0 0 2.0 152.393997
1 0 0 0 0 0 0 0.5241090146750524 35.046902
1 1 1 0 0 0 0 0.8333333333333334 74.143204
1 0 0 0 0 0 0 1.0 55.746101
0 0 0 0 0 0 0 0.5555555555555556 15.2358
1 1 1 1 1 1 0 0.5241090146750524 109.635002
1 1 1 1 1 0 0 0.5555555555555556 93.9132
1 1 1 0 0 0 0 0.6613756613756614 64.560501
1 1 0 0 0 0 0 1.0 77.955002
1 1 0 0 0 0 0 0.6218905472636815 44.5597
1 1 0 0 0 0 0 0.5555555555555556 49.720699
1 1 1 0 0 0 0 0.6218905472636815 49.766998
1 0 0 0 0 0 0 1.4992503748125936 82.9599
1 0 0 0 0 0 0 0.5241090146750524 38.426399
1 1 1 1 1 0 0 0.7153075822603719 121.363998
0 0 0 0 0 0 0 1.0 25.249399
1 1 1 1 1 0 0 0.6613756613756614 114.492996
1 0 0 0 0 0 0 1.4992503748125936 82.205498
1 1 1 0 0 0 0 0.4528985507246377 53.946999
1 0 0 0 0 0 0 0.5241090146750524 39.4245
1 1 0 0 0 0 0 0.5555555555555556 40.468201
1 1 1 1 1 0 0 0.5868544600938967 103.029999
1 1 0 0 0 0 0 1.4992503748125936 96.718803
0 0 0 0 0 0 0 1.4992503748125936 35.226601
1 1 1 1 1 0 0 0.6218905472636815 106.742996
1 1 1 1 0 0 0 2.0 175.414993
1 1 0 0 0 0 0 0.4528985507246377 34.893101
1 1 1 1 0 0 0 2.0 173.559006
1 0 0 0 0 0 0 1.4992503748125936 81.119598
1 1 1 0 0 0 0 2.0 149.356003
0 0 0 0 0 0 0 0.5555555555555556 15.7118
0 0 0 0 0 0 0 0.6613756613756614 18.098499
1 1 1 1 1 1 0 0.4528985507246377 96.656303
1 1 0 0 0 0 0 0.7153075822603719 60.756199
1 0 0 0 0 0 0 0.5241090146750524 35.921799
1 1 1 1 1 1 1 0.6613756613756614 142.628006
1 1 1 0 0 0 0 0.4528985507246377 53.414398
1 1 0 0 0 0 0 0.7153075822603719 47.369598
1 1 0 0 0 0 0 0.7153075822603719 59.351398
1 1 1 1 1 1 0 0.5555555555555556 114.605003
1 1 1 1 0 0 0 0.6613756613756614 68.906097
1 1 1 1 0 0 0 0.4528985507246377 58.134499
1 1 1 1 1 0 0 1.4992503748125936 247.169006
1 1 1 0 0 0 0 0.47619047619047616 41.015999
1 0 0 0 0 0 0 0.6613756613756614 44.997002
0 0 0 0 0 0 0 0.5868544600938967 16.4883
0 0 0 0 0 0 0 0.8333333333333334 20.4646
1 1 1 1 1 1 0 0.7153075822603719 143.621002
0 0 0 0 0 0 0 0.5868544600938967 15.639
1 1 1 1 0 0 0 0.7153075822603719 63.809601
1 1 0 0 0 0 0 1.0 77.399902
1 1 0 0 0 0 0 0.5868544600938967 50.766102
1 1 1 1 1 0 0 1.0 165.054993
1 1 1 0 0 0 0 0.6218905472636815 48.571602
1 1 1 0 0 0 0 0.4528985507246377 46.521
1 1 1 0 0 0 0 0.5241090146750524 55.359001
1 1 1 1 1 1 0 0.5868544600938967 120.676003
0 0 0 0 0 0 0 2.0 53.729698
1 1 1 1 1 1 1 0.6613756613756614 138.800995
1 1 0 0 0 0 0 0.8333333333333334 67.751801
0 0 0 0 0 0 0 0.8333333333333334 20.6807
1 1 1 1 1 1 0 0.47619047619047616 100.777
1 0 0 0 0 0 0 0.47619047619047616 32.625599
1 1 0 0 0 0 0 0.5241090146750524 47.718201
1 0 0 0 0 0 0 0.47619047619047616 29.1024
0 0 0 0 0 0 0 1.0 25.112801
1 1 1 1 1 1 0 0.49603174603174605 105.125
0 0 0 0 0 0 0 0.6218905472636815 16.4116
0 0 0 0 0 0 0 0.4528985507246377 11.6462
0 0 0 0 0 0 0 0.7153075822603719 19.3624
1 1 0 0 0 0 0 0.49603174603174605 39.948898
0 0 0 0 0 0 0 1.0 24.069201
1 0 0 0 0 0 0 0.47619047619047616 29.180201
1 0 0 0 0 0 0 2.0 110.505997
1 1 0 0 0 0 0 0.5868544600938967 48.7771
1 1 0 0 0 0 0 0.5868544600938967 47.693199
1 1 1 1 1 0 0 2.0 373.743988
0 0 0 0 0 0 0 1.0 22.156799
1 1 1 0 0 0 0 1.0 73.766197
1 1 1 0 0 0 0 0.49603174603174605 42.130001
0 0 0 0 0 0 0 0.6218905472636815 16.442699
1 1 1 1 0 0 0 0.6613756613756614 60.6068
1 0 0 0 0 0 0 0.49603174603174605 31.0676
1 1 1 1 1 1 0 0.5241090146750524 109.420998
1 1 1 1 1 0 0 0.6218905472636815 107.350998
1 0 0 0 0 0 0 0.4528985507246377 35.223
1 1 1 0 0 0 0 0.5241090146750524 50.2878
1 1 1 1 1 1 0 0.49603174603174605 105.271004
0 0 0 0 0 0 0 1.4992503748125936 36.914398
1 1 1 0 0 0 0 0.47619047619047616 43.5149
1 1 1 1 1 1 0 0.6218905472636815 129.078003
1 1 1 1 1 0 0 0.4528985507246377 79.290298
1 0 0 0 0 0 0 0.5555555555555556 36.056198
1 1 0 0 0 0 0 0.7153075822603719 59.932301
1 1 0 0 0 0 0 0.5868544600938967 48.023499
1 1 1 1 1 0 0 0.5555555555555556 103.856003
1 0 0 0 0 0 0 0.6613756613756614 45.787498
1 1 1 1 1 0 0 0.5868544600938967 101.797997
1 1 1 1 0 0 0 0.49603174603174605 52.7565
1 0 0 0 0 0 0 0.49603174603174605 33.605598
1 1 1 0 0 0 0 0.4528985507246377 46.228699
1 1 1 1 0 0 0 0.7153075822603719 60.8349
1 1 0 0 0 0 0 1.0 71.547501
1 1 0 0 0 0 0 1.4992503748125936 98.2173
1 1 1 0 0 0 0 0.6218905472636815 63.215401
0 0 0 0 0 0 0 0.5868544600938967 15.8235
1 1 1 1 1 0 0 2.0 369.087006
1 0 0 0 0 0 0 0.8333333333333334 54.373001
1 1 1 1 1 0 0 0.6613756613756614 113.272003
1 1 0 0 0 0 0 0.4528985507246377 35.735802
1 0 0 0 0 0 0 0.5241090146750524 31.1038
1 1 1 0 0 0 0 1.0 86.107803
1 1 1 1 0 0 0 0.47619047619047616 50.9366
1 1 1 1 0 0 0 0.8333333333333334 67.215797
0 0 0 0 0 0 0 0.4528985507246377 13.1221
1 0 0 0 0 0 0 0.8333333333333334 50.508099
0 0 0 0 0 0 0 0.5868544600938967 16.017599
1 1 1 1 0 0 0 0.5555555555555556 55.050301
1 1 1 1 0 0 0 0.8333333333333334 79.210999
1 1 1 0 0 0 0 0.6218905472636815 49.804298
0 0 0 0 0 0 0 0.5868544600938967 15.8159
1 1 1 1 1 0 0 0.6218905472636815 104.278
1 1 1 1 1 0 0 1.4992503748125936 246.020996
0 0 0 0 0 0 0 0.6613756613756614 17.475901
1 0 0 0 0 0 0 0.47619047619047616 29.101299
1 1 1 1 1 0 0 0.5241090146750524 92.265297
1 0 0 0 0 0 0 0.8333333333333334 55.602699
0 0 0 0 0 0 0 0.5241090146750524 14.6592
1 0 0 0 0 0 0 0.7153075822603719 48.912998
0 0 0 0 0 0 0 0.5555555555555556 15.1004
1 1 1 1 0 0 0 2.0 180.567993
1 1 1 1 1 0 0 2.0 319.058014
1 1 1 1 1 1 0 0.5241090146750524 109.235001
1 1 1 1 1 0 0 0.5868544600938967 102.121002
1 0 0 0 0 0 0 0.6218905472636815 43.448101
1 0 0 0 0 0 0 0.5555555555555556 39.774601
0 0 0 0 0 0 0 0.5241090146750524 14.3305
0 0 0 0 0 0 0 0.7153075822603719 19.284401
1 1 0 0 0 0 0 0.8333333333333334 68.222801
1 1 1 1 0 0 0 0.5868544600938967 62.193699
1 0 0 0 0 0 0 0.5241090146750524 35.9683
0 0 0 0 0 0 0 0.4528985507246377 12.9936
1 1 0 0 0 0 0 0.6613756613756614 47.991199
0 0 0 0 0 0 0 0.7153075822603719 18.2391
0 0 0 0 0 0 0 0.8333333333333334 21.781601
1 1 0 0 0 0 0 0.8333333333333334 56.900799
1 0 0 0 0 0 0 0.47619047619047616 32.2934
1 0 0 0 0 0 0 0.5241090146750524 34.110298
1 1 1 1 0 0 0 0.5241090146750524 60.868999
0 0 0 0 0 0 0 2.0 51.860401
1 1 1 1 0 0 0 1.4992503748125936 123.634003
1 1 1 1 0 0 0 0.49603174603174605 44.3456
1 1 0 0 0 0 0 0.5555555555555556 41.8647
1 1 1 1 1 1 0 0.7153075822603719 143.457001
1 0 0 0 0 0 0 1.0 55.949501
1 1 1 1 0 0 0 0.8333333333333334 78.908997
1 1 1 0 0 0 0 2.0 144.389999
1 1 0 0 0 0 0 0.6218905472636815 54.004398
1 1 1 1 1 0 0 0.49603174603174605 89.177002
1 0 0 0 0 0 0 0.5555555555555556 33.1898
1 1 1 1 0 0 0 0.6613756613756614 67.334396
1 1 0 0 0 0 0 0.5241090146750524 44.7728
0 0 0 0 0 0 0 0.47619047619047616 11.976
0 0 0 0 0 0 0 0.49603174603174605 13.8215
1 1 1 1 0 0 0 0.8333333333333334 79.327797
1 0 0 0 0 0 0 0.5241090146750524 31.3016
1 1 1 1 1 0 0 0.7153075822603719 121.488998
0 0 0 0 0 0 0 0.7153075822603719 19.0487
1 1 1 0 0 0 0 0.5241090146750524 43.7178
1 0 0 0 0 0 0 0.8333333333333334 50.682201
0 0 0 0 0 0 0 0.47619047619047616 13.6699
0 0 0 0 0 0 0 0.5868544600938967 16.502701
1 1 1 1 0 0 0 1.0 89.773903
1 1 1 1 1 0 0 0.5555555555555556 98.059097
1 0 0 0 0 0 0 0.5555555555555556 33.772301
1 0 0 0 0 0 0 0.5555555555555556 40.571701
1 1 0 0 0 0 0 0.47619047619047616 47.5826
1 1 1 0 0 0 0 0.6613756613756614 57.717701
1 1 1 0 0 0 0 0.6218905472636815 54.757099
1 1 0 0 0 0 0 0.47619047619047616 36.694
0 0 0 0 0 0 0 2.0 43.254101
1 1 0 0 0 0 0 1.0 71.5504
1 1 1 0 0 0 0 0.5868544600938967 60.1679
1 1 1 1 1 0 0 0.47619047619047616 82.063599
1 1 1 0 0 0 0 0.5241090146750524 55.714298
1 1 1 0 0 0 0 0.5555555555555556 58.354599
1 0 0 0 0 0 0 0.8333333333333334 46.472599
1 1 1 1 1 0 0 1.4992503748125936 246.807999
0 0 0 0 0 0 0 1.4992503748125936 36.4687
1 0 0 0 0 0 0 0.6613756613756614 44.246101
1 1 1 1 1 0 0 0.8333333333333334 138.132996
1 1 0 0 0 0 0 0.5241090146750524 39.4431
1 1 0 0 0 0 0 1.0 70.753098
1 0 0 0 0 0 0 0.6613756613756614 40.3993
1 1 0 0 0 0 0 0.8333333333333334 55.253399
1 1 0 0 0 0 0 1.4992503748125936 107.523003
1 0 0 0 0 0 0 1.4992503748125936 87.6334
0 0 0 0 0 0 0 2.0 45.108398
1 1 0 0 0 0 0 0.4528985507246377 42.921001
1 1 1 0 0 0 0 0.8333333333333334 64.431801
1 1 0 0 0 0 0 0.4528985507246377 35.690601
1 0 0 0 0 0 0 1.0 60.486301
1 1 1 1 0 0 0 0.5555555555555556 54.6651
1 1 1 1 0 0 0 0.4528985507246377 44.321899
1 0 0 0 0 0 0 0.4528985507246377 33.126701
1 1 1 1 1 1 0 0.7153075822603719 144.606003
1 1 1 1 1 0 0 0.5555555555555556 97.775398
1 0 0 0 0 0 0 0.5241090146750524 36.84
1 0 0 0 0 0 0 1.4992503748125936 80.925102
1 1 1 1 0 0 0 0.47619047619047616 51.232399
1 1 0 0 0 0 0 1.0 77.925003
0 0 0 0 0 0 0 0.5868544600938967 15.9797
1 0 0 0 0 0 0 0.49603174603174605 33.2616
1 0 0 0 0 0 0 1.4992503748125936 80.572502
1 1 1 0 0 0 0 0.4528985507246377 51.884399
0 0 0 0 0 0 0 1.4992503748125936 36.497398
1 1 1 1 0 0 0 0.8333333333333334 78.5084
1 0 0 0 0 0 0 0.5868544600938967 41.541801
1 1 0 0 0 0 0 0.5555555555555556 40.795399
1 1 0 0 0 0 0 1.0 64.094002
1 1 1 1 0 0 0 1.0 84.7155
1 0 0 0 0 0 0 0.5555555555555556 37.269699
1 1 1 0 0 0 0 0.5868544600938967 49.594002
1 1 1 1 1 0 0 1.4992503748125936 247.901993
1 1 0 0 0 0 0 0.7153075822603719 54.251999
1 1 1 0 0 0 0 0.6218905472636815 48.336102
0 0 0 0 0 0 0 0.6613756613756614 18.1534
1 1 0 0 0 0 0 0.47619047619047616 36.740299
0 0 0 0 0 0 0 1.4992503748125936 37.145199
0 0 0 0 0 0 0 1.0 25.257299
1 1 0 0 0 0 0 0.6613756613756614 46.275299
0 0 0 0 0 0 0 0.5241090146750524 15.8861
1 1 1 0 0 0 0 1.4992503748125936 131.300995
1 1 0 0 0 0 0 0.47619047619047616 36.7812
1 1 1 0 0 0 0 0.49603174603174605 48.497101
1 1 1 1 0 0 0 1.4992503748125936 127.696999
1 1 1 0 0 0 0 0.7153075822603719 67.068298
1 1 1 1 0 0 0 2.0 175.677002
0 0 0 0 0 0 0 1.0 25.355
0 0 0 0 0 0 0 1.0 25.168699
1 1 1 1 1 1 0 0.5868544600938967 119.913002
1 1 0 0 0 0 0 0.6218905472636815 52.626099
1 0 0 0 0 0 0 0.49603174603174605 31.567101
1 1 1 1 1 1 0 0.8333333333333334 167.093002
1 1 1 0 0 0 0 0.6218905472636815 52.1292
1 1 1 0 0 0 0 0.5868544600938967 59.851601
1 1 1 1 0 0 0 1.4992503748125936 118.129997
1 1 1 1 0 0 0 0.6613756613756614 61.105099
1 1 1 0 0 0 0 0.8333333333333334 75.033401
1 1 1 1 1 0 0 0.6613756613756614 109.015999
1 1 1 1 0 0 0 0.5555555555555556 62.1646
1 1 0 0 0 0 0 0.7153075822603719 60.9767
1 1 0 0 0 0 0 0.8333333333333334 54.100101
1 0 0 0 0 0 0 0.49603174603174605 35.122101
1 1 1 1 0 0 0 0.5241090146750524 53.629902
1 0 0 0 0 0 0 0.8333333333333334 50.106701
0 0 0 0 0 0 0 0.5241090146750524 14.9919
1 1 1 1 1 1 0 0.7153075822603719 144.945007
1 1 0 0 0 0 0 2.0 129.177994
1 0 0 0 0 0 0 0.5241090146750524 31.391001
1 1 0 0 0 0 0 0.5241090146750524 38.511501
1 1 1 0 0 0 0 0.49603174603174605 42.034199
0 0 0 0 0 0 0 0.5868544600938967 16.0347
0 0 0 0 0 0 0 0.4528985507246377 13.7672
1 1 0 0 0 0 0 0.5241090146750524 49.146702
1 1 1 0 0 0 0 2.0 151.317993
1 1 1 1 0 0 0 1.4992503748125936 124.942001
1 1 1 1 1 0 0 0.49603174603174605 90.089401
0 0 0 0 0 0 0 0.49603174603174605 14.5845
1 1 1 1 0 0 0 0.4528985507246377 41.4916
0 0 0 0 0 0 0 0.5241090146750524 14.8181
1 0 0 0 0 0 0 0.47619047619047616 32.580502
1 1 1 0 0 0 0 0.5868544600938967 54.2262
0 0 0 0 0 0 0 0.47619047619047616 14.5078
1 1 0 0 0 0 0 1.0 69.699699
0 0 0 0 0 0 0 0.7153075822603719 18.9007
0 0 0 0 0 0 0 0.8333333333333334 20.865299
1 1 1 1 1 1 1 0.6613756613756614 139.800995
0 0 0 0 0 0 0 0.8333333333333334 21.648701
1 1 1 1 0 0 0 0.8333333333333334 70.907898
1 0 0 0 0 0 0 0.6613756613756614 39.1455
0 0 0 0 0 0 0 1.0 25.743
1 1 1 1 1 0 0 0.5555555555555556 95.462799
1 0 0 0 0 0 0 0.5241090146750524 40.5476
0 0 0 0 0 0 0 0.5868544600938967 15.7225
1 1 1 1 1 0 0 0.5868544600938967 101.936996
1 1 1 1 0 0 0 0.8333333333333334 79.347702
1 0 0 0 0 0 0 0.49603174603174605 32.419899
1 1 0 0 0 0 0 0.49603174603174605 39.753399
1 1 0 0 0 0 0 0.5555555555555556 45.695499
1 1 1 0 0 0 0 1.0 85.014702
0 0 0 0 0 0 0 0.5868544600938967 13.9568
0 0 0 0 0 0 0 1.0 24.482901
0 0 0 0 0 0 0 0.8333333333333334 21.975901
1 0 0 0 0 0 0 0.47619047619047616 32.500301
1 1 1 0 0 0 0 0.7153075822603719 67.900902
1 1 1 0 0 0 0 1.0 77.280701
1 0 0 0 0 0 0 0.6218905472636815 40.912498
1 0 0 0 0 0 0 1.0 55.860802
1 0 0 0 0 0 0 0.47619047619047616 32.5527
1 1 1 1 1 1 1 0.5868544600938967 124.995003
1 1 1 0 0 0 0 0.47619047619047616 47.747101
1 1 0 0 0 0 0 0.47619047619047616 45.973801
1 1 0 0 0 0 0 1.4992503748125936 98.801598
0 0 0 0 0 0 0 0.47619047619047616 13.6756
1 1 1 0 0 0 0 0.4528985507246377 51.262402
1 1 0 0 0 0 0 0.47619047619047616 46.130199
1 1 1 0 0 0 0 0.47619047619047616 51.752499
1 0 0 0 0 0 0 0.5868544600938967 35.344002
1 1 1 1 1 0 0 0.6218905472636815 106.783997
1 0 0 0 0 0 0 0.6613756613756614 41.242401
0 0 0 0 0 0 0 0.4528985507246377 13.5786
1 1 1 1 1 0 0 2.0 372.85199
1 1 1 1 0 0 0 0.5555555555555556 54.927399
0 0 0 0 0 0 0 0.5241090146750524 14.4421
1 1 1 1 1 0 0 0.5241090146750524 88.847801
1 1 1 1 0 0 0 0.5241090146750524 61.1628
1 0 0 0 0 0 0 1.0 64.3312
0 0 0 0 0 0 0 0.4528985507246377 12.9356
1 0 0 0 0 0 0 0.49603174603174605 33.790798
0 0 0 0 0 0 0 0.5555555555555556 15.3675
1 1 0 0 0 0 0 0.7153075822603719 59.556099
1 0 0 0 0 0 0 0.47619047619047616 32.650398
1 0 0 0 0 0 0 0.7153075822603719 48.1922
1 1 0 0 0 0 0 0.5241090146750524 38.565701
1 1 0 0 0 0 0 0.7153075822603719 54.3437
1 1 1 1 1 0 0 0.4528985507246377 84.090797
0 0 0 0 0 0 0 1.0 24.3444
1 0 0 0 0 0 0 0.47619047619047616 35.693001
1 1 1 1 1 0 0 2.0 376.377014
1 0 0 0 0 0 0 0.5555555555555556 41.124599
1 1 1 1 1 0 0 0.4528985507246377 78.504402
0 0 0 0 0 0 0 0.47619047619047616 14.1549
1 1 1 1 0 0 0 0.8333333333333334 79.580597
1 0 0 0 0 0 0 1.4992503748125936 89.0924
1 1 1 0 0 0 0 0.8333333333333334 74.605202
0 0 0 0 0 0 0 0.5868544600938967 15.8209
1 1 1 1 1 0 0 0.49603174603174605 92.1409
1 0 0 0 0 0 0 0.4528985507246377 32.117802
1 1 1 1 1 1 0 0.5868544600938967 120.234001
0 0 0 0 0 0 0 0.6218905472636815 16.8032
1 1 1 1 1 1 1 0.6613756613756614 139.039993
1 1 1 1 1 0 0 0.6613756613756614 112.492996
1 1 1 0 0 0 0 0.6613756613756614 64.157501
1 1 1 1 1 0 0 0.8333333333333334 141.529999
1 1 0 0 0 0 0 0.49603174603174605 45.557701
1 0 0 0 0 0 0 0.49603174603174605 37.775002
0 0 0 0 0 0 0 0.5241090146750524 15.0016
0 0 0 0 0 0 0 2.0 50.3703
0 0 0 0 0 0 0 0.8333333333333334 20.982401
1 1 1 1 1 1 1 2.0 477.467987
1 1 1 0 0 0 0 0.7153075822603719 60.235401
0 0 0 0 0 0 0 0.5555555555555556 13.3128
1 1 1 1 0 0 0 0.6218905472636815 67.922302
0 0 0 0 0 0 0 0.5241090146750524 14.2377
0 0 0 0 0 0 0 0.6218905472636815 17.2451
1 1 1 1 1 1 1 0.49603174603174605 107.759003
1 0 0 0 0 0 0 0.5868544600938967 37.179298
1 1 0 0 0 0 0 2.0 125.697998
1 1 1 1 1 0 0 1.4992503748125936 241.427002
1 1 0 0 0 0 0 0.47619047619047616 44.989399
1 0 0 0 0 0 0 0.5555555555555556 40.2943
1 0 0 0 0 0 0 0.47619047619047616 36.1786
1 1 1 0 0 0 0 0.6218905472636815 54.995602
1 1 1 0 0 0 0 0.4528985507246377 45.905201
0 0 0 0 0 0 0 1.4992503748125936 37.728401
0 0 0 0 0 0 0 0.6613756613756614 17.724001
1 1 1 0 0 0 0 0.6613756613756614 64.024399
1 1 1 1 1 0 0 0.49603174603174605 89.444
1 0 0 0 0 0 0 2.0 119.056
0 0 0 0 0 0 0 2.0 44.989799
1 0 0 0 0 0 0 0.49603174603174605 36.676399
1 1 1 1 0 0 0 1.0 81.298302
1 1 1 0 0 0 0 0.6613756613756614 57.242699
1 1 1 1 1 0 0 2.0 379.522003
1 1 0 0 0 0 0 0.4528985507246377 34.8862
1 1 1 1 0 0 0 0.5555555555555556 64.961601
1 1 1 0 0 0 0 0.7153075822603719 60.610802
0 0 0 0 0 0 0 0.6613756613756614 18.2117
1 1 1 0 0 0 0 0.7153075822603719 60.792099
1 1 1 1 1 1 0 0.8333333333333334 166.139008
1 1 1 0 0 0 0 0.7153075822603719 60.179501
1 1 1 1 0 0 0 0.49603174603174605 51.832298
1 1 1 1 1 1 0 0.4528985507246377 96.7724
1 1 0 0 0 0 0 0.47619047619047616 44.8256
0 0 0 0 0 0 0 0.6613756613756614 17.757299
1 1 1 1 1 1 0 0.8333333333333334 167.154999
0 0 0 0 0 0 0 0.4528985507246377 13.1856
1 1 1 1 0 0 0 0.5868544600938967 64.462097
1 0 0 0 0 0 0 2.0 118.503998
0 0 0 0 0 0 0 0.6218905472636815 17.219299
1 1 1 1 1 0 0 0.5868544600938967 102.837997
1 1 1 0 0 0 0 0.5868544600938967 54.473701
1 1 1 1 0 0 0 0.6613756613756614 62.8643
1 0 0 0 0 0 0 0.47619047619047616 32.465599
1 0 0 0 0 0 0 0.4528985507246377 33.370098
0 0 0 0 0 0 0 0.8333333333333334 22.251801
1 1 1 1 1 0 0 0.5241090146750524 89.2192
1 1 1 0 0 0 0 0.6613756613756614 59.1082
1 0 0 0 0 0 0 0.4528985507246377 34.641102
1 1 0 0 0 0 0 0.5868544600938967 41.283501
1 1 1 1 1 1 1 0.6218905472636815 131.862
0 0 0 0 0 0 0 0.7153075822603719 16.2169
1 1 1 0 0 0 0 1.0 73.925499
1 1 0 0 0 0 0 0.5555555555555556 40.692501
0 0 0 0 0 0 0 0.6613756613756614 17.355101
1 1 1 0 0 0 0 2.0 162.865005
0 0 0 0 0 0 0 0.7153075822603719 18.333401
1 1 1 1 1 1 0 1.0 201.660004
1 1 1 0 0 0 0 0.5241090146750524 51.142899
1 1 0 0 0 0 0 0.6613756613756614 46.420502
0 0 0 0 0 0 0 0.5868544600938967 16.9006
1 1 0 0 0 0 0 2.0 132.649002
1 1 1 1 1 1 0 0.49603174603174605 104.287003
1 1 0 0 0 0 0 0.5868544600938967 42.137699
1 1 1 0 0 0 0 1.4992503748125936 111.666
1 0 0 0 0 0 0 0.49603174603174605 38.0116
0 0 0 0 0 0 0 0.6613756613756614 17.997601
1 1 0 0 0 0 0 0.8333333333333334 53.9781
1 1 0 0 0 0 0 0.49603174603174605 37.8549
1 1 1 1 1 1 1 1.4992503748125936 316.411987
1 1 1 0 0 0 0 0.49603174603174605 55.782799
1 1 0 0 0 0 0 0.6218905472636815 50.059898
1 1 1 0 0 0 0 1.4992503748125936 111.589996
1 1 1 0 0 0 0 1.4992503748125936 115.602997
1 0 0 0 0 0 0 0.4528985507246377 35.282398
1 1 1 0 0 0 0 2.0 147.895996
1 0 0 0 0 0 0 1.4992503748125936 77.629997
1 0 0 0 0 0 0 0.5868544600938967 38.0508
1 0 0 0 0 0 0 0.8333333333333334 54.309299
1 1 1 0 0 0 0 1.0 83.701302
1 1 1 0 0 0 0 1.4992503748125936 110.990997
1 1 1 0 0 0 0 0.8333333333333334 66.8172
1 0 0 0 0 0 0 0.5868544600938967 43.8162
1 1 1 1 1 0 0 0.5555555555555556 93.976501
0 0 0 0 0 0 0 1.0 25.493
1 1 1 1 0 0 0 0.5241090146750524 48.632801
1 0 0 0 0 0 0 0.6613756613756614 44.068298
1 0 0 0 0 0 0 0.6613756613756614 48.687901
0 0 0 0 0 0 0 2.0 47.210499
1 1 1 1 1 0 0 1.0 163.891998
1 1 1 0 0 0 0 1.0 85.283302
0 0 0 0 0 0 0 0.49603174603174605 13.8607
1 0 0 0 0 0 0 0.5555555555555556 33.681499
1 1 1 1 1 0 0 1.4992503748125936 245.356003
1 1 0 0 0 0 0 0.8333333333333334 68.192001
0 0 0 0 0 0 0 0.49603174603174605 14.8376
1 1 1 0 0 0 0 0.5241090146750524 56.209202
1 1 1 1 0 0 0 1.0 89.7714
1 1 0 0 0 0 0 1.0 76.6278
1 0 0 0 0 0 0 0.5241090146750524 33.670101
1 1 1 1 0 0 0 0.47619047619047616 57.569099
1 1 1 1 0 0 0 0.8333333333333334 71.666199
1 1 1 1 1 1 0 0.4528985507246377 96.420197
1 0 0 0 0 0 0 0.5868544600938967 41.321899
1 0 0 0 0 0 0 1.4992503748125936 83.284302
1 0 0 0 0 0 0 1.0 63.404202
1 1 1 1 0 0 0 0.4528985507246377 57.372799
1 1 1 1 1 1 0 1.0 206.072006
1 1 1 1 1 0 0 1.0 163.921005
0 0 0 0 0 0 0 0.6218905472636815 16.4704
1 0 0 0 0 0 0 1.4992503748125936 90.865196
1 0 0 0 0 0 0 0.7153075822603719 41.257999
1 0 0 0 0 0 0 0.7153075822603719 41.981998
0 0 0 0 0 0 0 1.4992503748125936 35.577301
0 0 0 0 0 0 0 0.5555555555555556 15.94
1 0 0 0 0 0 0 0.8333333333333334 51.3895
1 1 1 1 1 0 0 0.8333333333333334 138.371002
1 1 1 0 0 0 0 1.0 77.027397
1 1 1 0 0 0 0 0.7153075822603719 60.4025
0 0 0 0 0 0 0 0.5241090146750524 14.5857
1 0 0 0 0 0 0 0.4528985507246377 32.412601
1 0 0 0 0 0 0 0.4528985507246377 35.3941
1 1 1 0 0 0 0 0.7153075822603719 68.063499
1 0 0 0 0 0 0 0.5555555555555556 33.905499
1 0 0 0 0 0 0 0.47619047619047616 35.700699
1 1 1 1 0 0 0 1.4992503748125936 120.867996
0 0 0 0 0 0 0 0.6218905472636815 17.087601
1 1 1 1 0 0 0 0.47619047619047616 50.800598
0 0 0 0 0 0 0 1.4992503748125936 36.3237
1 0 0 0 0 0 0 0.6613756613756614 38.228699
1 0 0 0 0 0 0 0.4528985507246377 31.226
1 0 0 0 0 0 0 1.4992503748125936 83.300598
1 1 0 0 0 0 0 0.8333333333333334 56.638302
0 0 0 0 0 0 0 0.8333333333333334 20.6507
0 0 0 0 0 0 0 0.47619047619047616 13.8706
1 1 1 0 0 0 0 1.0 74.048599
0 0 0 0 0 0 0 0.4528985507246377 13.0634
0 0 0 0 0 0 0 0.6218905472636815 17.0145
1 1 1 1 0 0 0 0.4528985507246377 44.311699
1 1 1 1 1 0 0 0.5241090146750524 92.8787
0 0 0 0 0 0 0 2.0 47.754002
1 1 1 0 0 0 0 0.7153075822603719 67.994003
1 0 0 0 0 0 0 1.0 58.356602
1 1 1 1 1 0 0 0.7153075822603719 116.599998
1 1 0 0 0 0 0 0.4528985507246377 34.738499
1 1 1 0 0 0 0 2.0 163.731003
1 1 1 0 0 0 0 1.0 84.862396
1 1 1 1 1 0 0 0.49603174603174605 89.773201
1 1 1 1 1 1 0 0.7153075822603719 144.264008
1 1 1 1 0 0 0 0.6613756613756614 55.500301
1 1 1 1 1 0 0 0.5555555555555556 97.785797
0 0 0 0 0 0 0 0.5868544600938967 15.6279
1 0 0 0 0 0 0 0.5241090146750524 32.162201
0 0 0 0 0 0 0 0.6218905472636815 17.4583
1 1 1 1 1 0 0 0.8333333333333334 139.514008
1 1 1 1 0 0 0 0.6613756613756614 61.921799
1 1 0 0 0 0 0 0.6218905472636815 44.086601
1 1 1 1 1 0 0 0.7153075822603719 122.177002
1 1 1 1 0 0 0 1.0 85.544197
0 0 0 0 0 0 0 0.47619047619047616 14.2098
1 0 0 0 0 0 0 0.49603174603174605 33.1731
1 0 0 0 0 0 0 0.5241090146750524 32.262001
1 0 0 0 0 0 0 0.49603174603174605 37.791401
1 1 0 0 0 0 0 2.0 144.408997
1 1 1 1 0 0 0 0.47619047619047616 43.1665
1 0 0 0 0 0 0 0.6613756613756614 40.351299
1 0 0 0 0 0 0 1.0 64.521301
0 0 0 0 0 0 0 2.0 49.232399
1 1 0 0 0 0 0 0.4528985507246377 41.797699
0 0 0 0 0 0 0 0.8333333333333334 20.910999
1 0 0 0 0 0 0 0.6218905472636815 42.506401
1 0 0 0 0 0 0 0.5868544600938967 37.009998
1 1 1 1 0 0 0 0.6613756613756614 67.794403
0 0 0 0 0 0 0 1.0 24.3333
0 0 0 0 0 0 0 2.0 50.017399
1 1 1 1 0 0 0 0.5868544600938967 64.969597
1 1 1 1 1 0 0 1.4992503748125936 253.552002
1 0 0 0 0 0 0 0.7153075822603719 44.4561
0 0 0 0 0 0 0 0.7153075822603719 18.177401
0 0 0 0 0 0 0 0.4528985507246377 13.1296
0 0 0 0 0 0 0 0.6218905472636815 16.502501
1 0 0 0 0 0 0 2.0 114.261002
1 1 1 0 0 0 0 0.7153075822603719 55.831699
1 0 0 0 0 0 0 0.8333333333333334 47.951099
1 0 0 0 0 0 0 2.0 109.205002
0 0 0 0 0 0 0 0.8333333333333334 20.564501
1 1 1 0 0 0 0 0.5868544600938967 46.253502
1 1 1 0 0 0 0 0.5868544600938967 53.238499
1 1 1 0 0 0 0 0.5241090146750524 52.423
0 0 0 0 0 0 0 0.8333333333333334 20.9491
1 1 0 0 0 0 0 2.0 144.612
1 1 1 1 1 1 0 0.49603174603174605 103.959
1 0 0 0 0 0 0 0.6613756613756614 38.8815
1 0 0 0 0 0 0 0.8333333333333334 49.2439
1 0 0 0 0 0 0 0.5555555555555556 35.891499
1 1 1 1 0 0 0 1.0 91.186302
1 1 1 1 0 0 0 0.49603174603174605 59.849701
1 1 1 0 0 0 0 0.4528985507246377 50.8111
1 1 1 0 0 0 0 0.8333333333333334 71.216003
1 0 0 0 0 0 0 0.47619047619047616 33.371101
1 1 1 1 1 1 0 0.8333333333333334 166.701996
0 0 0 0 0 0 0 0.5868544600938967 15.6787
1 1 1 1 1 0 0 0.49603174603174605 88.843498
1 1 0 0 0 0 0 0.4528985507246377 39.532101
1 0 0 0 0 0 0 0.49603174603174605 33.1833
1 1 1 1 1 0 0 0.47619047619047616 87.527603
0 0 0 0 0 0 0 0.7153075822603719 18.933599
1 0 0 0 0 0 0 0.49603174603174605 35.021702
0 0 0 0 0 0 0 0.6613756613756614 18.2658
1 1 0 0 0 0 0 0.49603174603174605 42.977901
1 1 0 0 0 0 0 0.5241090146750524 38.3605
1 1 1 1 1 0 0 0.7153075822603719 120.388
0 0 0 0 0 0 0 0.5868544600938967 15.8432
1 1 1 1 1 0 0 0.6218905472636815 107.750999
1 1 1 0 0 0 0 0.8333333333333334 74.500702
1 1 1 1 0 0 0 0.8333333333333334 74.225304
1 1 1 0 0 0 0 0.8333333333333334 72.125702
1 1 0 0 0 0 0 0.5555555555555556 40.236599
0 0 0 0 0 0 0 0.5868544600938967 15.7806
1 1 0 0 0 0 0 2.0 133.238007
1 1 0 0 0 0 0 0.6613756613756614 58.5079
1 1 0 0 0 0 0 1.0 66.047997
1 1 1 1 1 0 0 0.49603174603174605 85.141403
1 0 0 0 0 0 0 0.8333333333333334 46.828999
0 0 0 0 0 0 0 0.6613756613756614 17.3036
1 1 1 1 0 0 0 0.6613756613756614 67.847198
1 1 1 1 1 0 0 0.5241090146750524 93.608704
1 0 0 0 0 0 0 2.0 118.992996
1 1 0 0 0 0 0 0.49603174603174605 48.436501
1 1 1 1 0 0 0 0.8333333333333334 79.571098
1 1 1 1 0 0 0 0.49603174603174605 61.0312
1 0 0 0 0 0 0 0.5241090146750524 31.796
1 1 1 0 0 0 0 0.7153075822603719 67.402802
1 1 1 1 1 0 0 0.8333333333333334 138.074005
1 1 1 1 0 0 0 0.5868544600938967 50.849899
1 1 1 1 1 0 0 0.6218905472636815 104.112
1 1 1 1 1 1 0 0.6218905472636815 126.641998
1 1 1 1 0 0 0 0.5555555555555556 61.677601
1 0 0 0 0 0 0 0.5555555555555556 39.416199
1 1 0 0 0 0 0 0.5555555555555556 40.520699
1 0 0 0 0 0 0 0.5241090146750524 37.6577
1 1 1 1 0 0 0 0.49603174603174605 44.449299
0 0 0 0 0 0 0 0.4528985507246377 14.1808
0 0 0 0 0 0 0 0.47619047619047616 13.9251
1 1 1 0 0 0 0 0.5241090146750524 55.058701
1 1 0 0 0 0 0 0.47619047619047616 40.933701
1 1 0 0 0 0 0 0.5555555555555556 51.122299
1 1 0 0 0 0 0 0.49603174603174605 42.6278
0 0 0 0 0 0 0 0.8333333333333334 21.285601
1 1 0 0 0 0 0 0.5241090146750524 47.434799
0 0 0 0 0 0 0 0.8333333333333334 21.8916
0 0 0 0 0 0 0 0.6613756613756614 17.960899
1 1 0 0 0 0 0 0.4528985507246377 40.534401
1 1 0 0 0 0 0 0.8333333333333334 60.6539
1 1 1 1 1 1 1 1.4992503748125936 317.985992
0 0 0 0 0 0 0 0.6218905472636815 17.1674
1 1 0 0 0 0 0 1.4992503748125936 96.623596
1 1 0 0 0 0 0 0.6218905472636815 44.709999
1 0 0 0 0 0 0 0.5868544600938967 41.421398
1 1 1 1 1 0 0 0.8333333333333334 139.117996
1 0 0 0 0 0 0 0.6218905472636815 38.294998
1 0 0 0 0 0 0 0.5555555555555556 39.995701
1 0 0 0 0 0 0 0.6218905472636815 35.211201
1 0 0 0 0 0 0 0.47619047619047616 36.897499
1 0 0 0 0 0 0 1.4992503748125936 82.839699
1 0 0 0 0 0 0 0.6613756613756614 42.190399
0 0 0 0 0 0 0 0.8333333333333334 21.516399
0 0 0 0 0 0 0 0.47619047619047616 14.4676
1 0 0 0 0 0 0 0.6218905472636815 45.066898
0 0 0 0 0 0 0 0.47619047619047616 14.165
0 0 0 0 0 0 0 0.5241090146750524 14.5341
0 0 0 0 0 0 0 0.5868544600938967 16.3827
1 1 1 1 0 0 0 0.4528985507246377 56.544201
1 1 1 1 1 1 1 0.47619047619047616 104.238998
1 1 1 1 1 1 1 2.0 478.227997
1 1 1 1 1 0 0 1.4992503748125936 241.214005
0 0 0 0 0 0 0 0.5555555555555556 16.0319
1 1 1 1 1 1 1 1.4992503748125936 312.674011
0 0 0 0 0 0 0 0.4528985507246377 11.6874
1 0 0 0 0 0 0 0.6218905472636815 43.138599
1 1 1 1 1 0 0 0.47619047619047616 87.572403
1 1 1 1 1 1 0 0.5868544600938967 121.696999
1 1 1 1 0 0 0 0.49603174603174605 52.047699
1 0 0 0 0 0 0 0.6613756613756614 39.5448
1 1 1 0 0 0 0 1.4992503748125936 117.707001
1 1 1 1 0 0 0 0.6218905472636815 65.331299
1 1 0 0 0 0 0 2.0 132.565002
1 0 0 0 0 0 0 1.4992503748125936 88.481903
1 1 0 0 0 0 0 0.5241090146750524 47.418598
0 0 0 0 0 0 0 0.7153075822603719 19.165899
0 0 0 0 0 0 0 1.4992503748125936 35.252701
0 0 0 0 0 0 0 0.6613756613756614 17.716101
0 0 0 0 0 0 0 0.5868544600938967 15.6203
0 0 0 0 0 0 0 0.5555555555555556 15.0029
1 1 0 0 0 0 0 0.47619047619047616 34.807499
1 0 0 0 0 0 0 1.0 53.3596
1 1 1 0 0 0 0 0.5555555555555556 45.716099
1 1 1 1 0 0 0 0.5241090146750524 60.543598
1 0 0 0 0 0 0 0.4528985507246377 34.7883
1 1 1 1 1 0 0 0.5555555555555556 98.225098
1 1 1 0 0 0 0 0.5868544600938967 49.716301
0 0 0 0 0 0 0 1.4992503748125936 36.487499
1 0 0 0 0 0 0 0.5555555555555556 33.548401
1 1 0 0 0 0 0 0.5868544600938967 42.3312
1 1 1 1 1 0 0 1.0 162.912994
1 1 0 0 0 0 0 0.8333333333333334 65.231796
1 1 1 0 0 0 0 0.5868544600938967 46.154301
1 0 0 0 0 0 0 0.7153075822603719 41.503899
0 0 0 0 0 0 0 1.0 24.058201
1 1 1 1 1 0 0 0.5868544600938967 99.745903
1 1 1 1 0 0 0 0.5555555555555556 62.239498
1 1 1 1 1 1 0 0.47619047619047616 100.735001
1 1 1 0 0 0 0 0.7153075822603719 55.487202
1 1 0 0 0 0 0 1.4992503748125936 99.345497
0 0 0 0 0 0 0 0.49603174603174605 14.5973
0 0 0 0 0 0 0 2.0 49.349899
1 1 1 1 1 0 0 2.0 322.132996
1 0 0 0 0 0 0 0.5241090146750524 33.681
1 1 1 1 1 1 0 0.6218905472636815 126.498001
1 1 1 0 0 0 0 0.47619047619047616 40.958801
1 1 0 0 0 0 0 2.0 143.770996
1 1 1 1 1 1 0 1.4992503748125936 295.21701
1 1 1 1 0 0 0 2.0 167.050995
1 1 1 1 1 0 0 0.8333333333333334 139.673996
1 1 1 0 0 0 0 0.6218905472636815 63.606899
0 0 0 0 0 0 0 0.6613756613756614 15.6917
1 1 0 0 0 0 0 0.47619047619047616 45.401402
1 1 1 1 1 0 0 0.6218905472636815 108.190002
1 1 1 1 1 1 1 1.4992503748125936 311.502014
1 1 1 1 1 0 0 0.6613756613756614 111.898003
1 1 1 1 0 0 0 0.5241090146750524 53.897999
0 0 0 0 0 0 0 1.0 24.3472
1 1 1 1 0 0 0 0.8333333333333334 79.621696