0 0 0 0 0 0 0 2.0 0.0
0 0 1 0 0 0 0 0.6218905472636815 15.1072
0 0 0 0 0 0 0 1.4992503748125936 0.0
0 1 0 0 0 0 0 0.7153075822603719 19.0338
1 0 0 0 0 0 0 0.5241090146750524 19.0455
0 0 0 0 1 1 1 1.4992503748125936 69.606003
0 0 0 1 1 0 0 1.0 62.803101
0 0 0 0 0 1 0 1.4992503748125936 27.9433
0 0 0 0 0 0 0 1.4992503748125936 0.0
0 0 1 1 1 1 0 0.7153075822603719 64.785202
0 0 0 1 1 1 1 0.8333333333333334 64.672699
1 1 1 0 0 0 0 0.6218905472636815 32.475601
0 0 0 0 0 0 0 0.49603174603174605 0.0
1 1 1 1 1 1 1 0.5868544600938967 83.982903
1 1 1 1 1 1 0 1.0 83.407898
0 1 1 1 1 0 0 0.5241090146750524 63.9034
0 0 0 0 1 1 0 0.49603174603174605 59.1745
0 1 1 1 1 1 0 0.6218905472636815 69.233498
0 0 0 0 0 1 1 0.5241090146750524 35.979599
0 0 1 1 1 1 0 0.4528985507246377 64.4002
0 1 1 1 1 1 1 1.0 74.089401
0 0 0 0 0 0 0 0.5555555555555556 0.0
1 1 0 0 0 0 0 0.7153075822603719 27.948299
0 0 0 1 0 0 0 0.5868544600938967 12.0418
0 0 1 0 0 0 0 0.6613756613756614 15.1943
0 0 1 0 0 0 0 0.49603174603174605 15.5638
0 1 0 0 0 0 0 0.5555555555555556 20.262899
0 0 0 1 1 1 1 2.0 76.466698
0 0 1 0 0 0 0 0.5868544600938967 15.3308
0 0 0 0 0 0 0 0.47619047619047616 0.0
0 0 0 1 1 0 0 0.47619047619047616 53.785999
0 0 0 0 1 1 1 0.5241090146750524 61.613602
1 1 0 0 0 0 0 1.4992503748125936 33.5634
0 0 0 0 0 0 0 0.49603174603174605 0.0
0 0 0 0 0 0 0 0.49603174603174605 0.0
0 0 1 1 0 0 0 0.6218905472636815 24.6735
0 0 0 0 0 1 0 0.8333333333333334 27.7176
0 1 1 1 1 1 1 0.6613756613756614 72.861198
0 1 1 1 0 0 0 0.5241090146750524 27.6264
0 0 0 0 0 1 0 0.6613756613756614 28.024
0 0 0 1 1 1 1 0.8333333333333334 64.328201
1 0 0 0 0 0 0 0.7153075822603719 19.938601
1 1 1 1 1 1 0 2.0 91.585297
1 1 0 0 0 0 0 2.0 37.9837
0 0 0 0 0 1 1 2.0 36.084801
1 1 1 1 0 0 0 0.8333333333333334 39.465
0 0 0 0 0 1 0 0.6218905472636815 27.505501
0 0 0 1 1 1 0 1.0 63.000198
0 1 0 0 0 0 0 0.5241090146750524 19.2096
0 1 1 0 0 0 0 0.6613756613756614 25.957001
0 0 0 0 1 1 1 2.0 68.7658
0 0 0 0 1 0 0 0.8333333333333334 54.828899
0 0 0 1 0 0 0 0.47619047619047616 12.055
1 0 0 0 0 0 0 1.4992503748125936 24.8333
1 1 1 1 1 1 1 1.0 86.2593
0 0 0 1 1 1 0 0.5555555555555556 61.651798
0 0 0 0 0 0 0 0.5868544600938967 0.0
0 0 0 0 1 0 0 2.0 56.548
1 1 1 1 1 1 1 0.4528985507246377 81.0858
0 0 1 0 0 0 0 0.8333333333333334 15.1413
0 0 0 0 0 0 1 1.4992503748125936 18.314699
1 0 0 0 0 0 0 0.5241090146750524 18.3039
0 1 1 1 1 1 0 0.4528985507246377 70.876801
1 0 0 0 0 0 0 1.4992503748125936 24.597799
0 0 0 1 0 0 0 0.5241090146750524 11.9984
1 1 1 1 1 1 1 0.47619047619047616 81.1698
0 0 0 0 0 0 1 1.4992503748125936 18.2922
1 1 1 1 1 0 0 1.4992503748125936 83.103798
0 0 0 1 0 0 0 0.47619047619047616 12.0368
0 0 1 1 0 0 0 0.8333333333333334 24.688299
1 0 0 0 0 0 0 0.7153075822603719 19.6129
1 1 1 1 0 0 0 0.49603174603174605 35.784401
0 0 0 0 0 0 1 0.5241090146750524 18.0637
0 0 0 0 0 0 0 0.47619047619047616 0.0
0 0 0 1 0 0 0 0.7153075822603719 11.9944
1 1 0 0 0 0 0 0.7153075822603719 26.284599
1 1 1 1 1 0 0 0.5868544600938967 74.050598
0 0 1 1 1 1 0 0.8333333333333334 66.057098
0 0 1 1 1 1 0 0.5555555555555556 68.275101
0 0 0 0 0 0 1 2.0 18.8076
0 0 0 1 0 0 0 0.7153075822603719 12.1079
0 1 1 0 0 0 0 0.4528985507246377 21.096901
1 1 1 1 1 1 0 1.4992503748125936 86.896301
0 0 1 0 0 0 0 0.7153075822603719 15.281
0 0 0 1 0 0 0 0.5555555555555556 12.1051
0 0 1 1 1 1 0 0.8333333333333334 67.578796
0 1 1 1 1 1 1 0.47619047619047616 71.954399
0 0 0 0 1 1 0 0.7153075822603719 57.862701
0 0 0 1 1 1 1 0.7153075822603719 64.577797
0 0 0 0 0 1 0 0.5241090146750524 28.004
0 0 0 0 0 1 0 0.47619047619047616 27.6465
0 1 1 1 1 0 0 0.6218905472636815 62.974998
1 0 0 0 0 0 0 0.4528985507246377 18.670799
0 0 0 0 1 1 0 0.49603174603174605 58.7733
0 0 0 0 0 0 0 0.6613756613756614 0.0
1 1 1 1 1 1 0 0.47619047619047616 78.693398
0 0 0 0 0 0 0 1.4992503748125936 0.0
0 0 0 0 1 1 0 0.5868544600938967 58.450001
0 0 1 1 1 1 1 1.4992503748125936 85.932999
0 0 0 1 0 0 0 0.5555555555555556 12.212
0 0 0 1 0 0 0 0.5241090146750524 12.0945
1 1 1 1 1 0 0 0.8333333333333334 74.731903
0 0 0 0 0 0 0 0.5555555555555556 0.0
0 0 0 1 1 1 1 0.8333333333333334 64.982597
0 1 1 1 0 0 0 0.4528985507246377 28.074301
0 0 0 0 0 0 0 0.4528985507246377 0.0
0 0 0 1 0 0 0 0.5868544600938967 12.126
0 0 0 0 0 1 0 0.5241090146750524 27.7297
0 1 1 1 1 0 0 0.8333333333333334 64.019203
0 0 1 1 1 0 0 0.6613756613756614 58.590801
0 0 0 0 1 1 0 0.49603174603174605 59.580299
0 0 0 0 0 0 0 0.5555555555555556 0.0
0 1 0 0 0 0 0 0.6218905472636815 21.8776
1 1 1 1 1 1 0 0.47619047619047616 81.195297
0 0 0 0 1 1 0 1.0 64.300499
0 1 1 1 1 1 1 0.8333333333333334 76.299301
1 1 1 1 1 0 0 0.4528985507246377 73.852501
0 0 0 1 1 1 1 0.47619047619047616 64.601799
0 0 0 0 0 0 0 0.6218905472636815 0.0
1 1 1 1 1 1 1 1.0 84.753899
1 1 0 0 0 0 0 0.6613756613756614 29.256901
1 1 1 1 1 0 0 0.5241090146750524 73.2173
0 1 1 1 1 0 0 0.5868544600938967 63.372398
1 1 1 1 1 1 0 0.47619047619047616 82.0755
0 1 1 1 1 0 0 0.8333333333333334 64.586197
0 0 0 0 1 1 1 0.5868544600938967 60.921902
0 0 0 1 1 1 1 0.5241090146750524 64.647598
0 1 1 1 1 1 0 0.49603174603174605 72.780998
0 1 1 0 0 0 0 0.49603174603174605 23.496401
0 1 1 1 1 1 1 0.5868544600938967 73.345901
0 0 0 0 0 1 0 0.6613756613756614 27.7722
0 1 1 1 1 1 0 1.4992503748125936 78.487602
0 0 1 1 1 1 0 2.0 80.567299
1 1 0 0 0 0 0 0.5868544600938967 27.6318
1 0 0 0 0 0 0 0.47619047619047616 18.2852
0 0 1 1 1 0 0 0.5868544600938967 57.791901
0 0 0 0 1 1 1 0.4528985507246377 61.277901
0 0 0 1 1 0 0 0.6218905472636815 53.3307
1 1 1 1 1 1 1 0.6218905472636815 85.549896
0 0 0 0 0 0 0 0.6613756613756614 0.0
1 1 0 0 0 0 0 0.47619047619047616 28.816099
0 1 0 0 0 0 0 0.4528985507246377 22.811399
0 1 1 0 0 0 0 0.5241090146750524 22.927401
0 0 0 0 1 1 1 0.5868544600938967 60.571499
1 1 1 1 1 0 0 0.49603174603174605 72.982002
1 1 0 0 0 0 0 1.0 28.4466
1 1 0 0 0 0 0 2.0 39.495602
1 1 1 1 0 0 0 0.6613756613756614 36.637001
0 1 1 1 1 0 0 2.0 83.8993
1 1 1 0 0 0 0 0.5241090146750524 32.250301
0 0 1 1 1 1 0 0.5241090146750524 66.988403
0 0 0 1 1 1 1 0.47619047619047616 65.119102
0 0 0 1 0 0 0 1.0 12.3813
0 1 1 1 1 0 0 0.5555555555555556 63.6297
0 1 1 1 0 0 0 0.5555555555555556 26.255699
1 1 1 0 0 0 0 2.0 44.020199
0 0 0 1 0 0 0 0.7153075822603719 12.038
0 0 1 0 0 0 0 1.0 15.4898
0 1 0 0 0 0 0 0.7153075822603719 19.6633
0 0 1 1 1 0 0 0.5555555555555556 57.714699
0 0 0 0 0 0 0 2.0 0.0
1 1 0 0 0 0 0 1.0 29.007999
0 0 0 0 1 1 1 2.0 68.2146
0 1 0 0 0 0 0 1.4992503748125936 22.117701
0 0 0 0 1 0 0 1.4992503748125936 57.6889
1 1 1 1 1 0 0 0.7153075822603719 74.310699
1 1 1 0 0 0 0 0.6613756613756614 33.617001
0 1 1 1 0 0 0 0.5555555555555556 25.917299
0 0 0 1 1 0 0 0.6218905472636815 53.455002
0 0 0 1 1 0 0 0.6218905472636815 53.166901
0 0 0 0 1 1 1 0.5241090146750524 61.657902
1 1 1 1 1 1 0 1.4992503748125936 89.240799
0 0 0 1 1 0 0 0.5555555555555556 53.253399
0 1 0 0 0 0 0 2.0 19.6737
0 1 1 1 0 0 0 0.8333333333333334 32.507702
0 0 0 0 0 1 0 0.5868544600938967 27.814199
1 1 1 1 1 1 0 0.5241090146750524 80.604103
0 0 0 1 0 0 0 0.49603174603174605 12.1134
0 0 0 0 1 1 1 0.49603174603174605 60.8466
0 0 0 0 0 0 0 0.4528985507246377 0.0
0 0 1 1 1 0 0 0.6218905472636815 57.694901
0 1 1 1 1 1 0 0.7153075822603719 71.725601
0 0 1 0 0 0 0 0.4528985507246377 15.5042
1 1 1 1 1 1 1 0.6218905472636815 84.428703
0 0 0 0 0 0 0 0.4528985507246377 0.0
1 1 0 0 0 0 0 0.5868544600938967 27.950001
0 0 0 0 0 0 0 0.8333333333333334 0.0
0 0 0 1 1 0 0 0.5241090146750524 53.519798
1 1 1 0 0 0 0 0.47619047619047616 31.667101
0 0 1 1 0 0 0 1.0 24.9884
0 1 1 1 1 1 0 0.5555555555555556 70.359299
1 1 0 0 0 0 0 0.8333333333333334 29.6451
1 1 1 1 0 0 0 0.47619047619047616 37.671501
0 0 0 0 0 1 1 0.8333333333333334 35.4744
0 0 1 1 1 1 1 1.0 69.390099
0 1 1 1 1 1 0 1.0 73.282204
0 0 0 0 1 1 1 0.47619047619047616 60.951099
0 1 1 1 1 1 0 0.47619047619047616 71.945702
0 0 0 0 0 1 1 0.6218905472636815 35.836201
1 1 1 1 1 0 0 0.5241090146750524 73.657303
0 0 1 0 0 0 0 0.4528985507246377 15.5374
0 0 0 0 0 0 0 0.4528985507246377 0.0
0 0 0 0 1 1 0 0.8333333333333334 58.844101
0 0 1 1 1 1 1 1.0 67.974197
0 1 1 1 1 1 0 1.4992503748125936 78.313599
0 0 1 1 0 0 0 0.49603174603174605 25.1003
1 1 1 1 1 1 1 0.49603174603174605 83.025299
0 0 0 0 0 1 0 0.6218905472636815 28.1789
0 0 0 0 0 0 0 0.4528985507246377 0.0
0 0 1 0 0 0 0 0.6613756613756614 15.1068
0 1 1 1 0 0 0 0.49603174603174605 29.3286
0 0 0 1 1 1 0 0.8333333333333334 64.424698
0 1 1 1 1 1 1 0.4528985507246377 75.602501
0 1 1 1 0 0 0 0.49603174603174605 26.792
0 0 1 1 0 0 0 0.6218905472636815 24.724899
1 0 0 0 0 0 0 2.0 29.8675
0 1 1 1 1 1 1 1.0 73.666
0 0 1 1 0 0 0 2.0 28.757999
0 1 1 1 1 1 1 0.49603174603174605 70.8965
0 0 0 1 1 1 1 0.6613756613756614 64.585297
0 1 1 1 1 1 1 1.0 76.811996
0 0 1 1 1 0 0 1.0 60.354599
0 0 1 1 1 0 0 1.4992503748125936 67.691902
0 0 1 0 0 0 0 0.4528985507246377 15.5307
0 0 0 1 1 1 1 0.5241090146750524 65.460098
0 0 0 1 1 0 0 0.5868544600938967 53.912899
0 0 0 1 1 0 0 0.5555555555555556 53.948898
0 0 0 0 0 0 0 0.5868544600938967 0.0
0 0 0 0 1 1 0 1.0 63.3302
0 1 1 1 0 0 0 0.5241090146750524 28.6868
0 0 0 0 1 1 0 0.4528985507246377 58.806702
1 1 1 1 0 0 0 0.5555555555555556 36.375599
0 0 0 1 0 0 0 0.4528985507246377 12.0321
1 0 0 0 0 0 0 0.8333333333333334 19.7932
0 0 0 1 1 1 1 0.7153075822603719 65.250397
0 0 1 0 0 0 0 0.6218905472636815 15.225
0 1 1 0 0 0 0 0.4528985507246377 22.646299
0 1 1 1 1 1 1 0.7153075822603719 71.8703
0 0 0 0 1 1 0 0.5555555555555556 57.6623
1 0 0 0 0 0 0 0.4528985507246377 18.271999
0 1 1 1 0 0 0 0.47619047619047616 26.187401
0 1 1 1 1 1 1 0.5868544600938967 73.2388
0 0 0 1 1 1 0 0.5241090146750524 61.7827
0 0 0 1 1 1 0 0.5555555555555556 62.460602
0 0 0 0 0 0 1 0.7153075822603719 18.2724
1 1 0 0 0 0 0 0.49603174603174605 27.326
0 0 0 0 0 0 0 2.0 0.0
1 1 1 1 1 0 0 2.0 87.901199
1 1 1 1 1 1 0 0.8333333333333334 83.235298
0 0 0 0 0 0 0 0.6613756613756614 0.0
0 0 1 1 1 1 1 0.5555555555555556 67.959
0 0 1 1 1 1 0 0.4528985507246377 66.074799
0 1 1 1 1 0 0 2.0 80.241997
0 1 1 1 0 0 0 0.5241090146750524 25.7006
0 0 0 0 0 0 0 0.6613756613756614 0.0
0 0 0 0 0 0 1 0.5555555555555556 18.0548
0 0 0 0 0 0 0 0.7153075822603719 0.0
1 1 1 1 1 1 0 2.0 91.173103
0 0 1 1 1 1 1 1.0 69.620903
0 0 0 0 0 0 0 0.47619047619047616 0.0
0 0 0 0 0 0 0 0.49603174603174605 0.0
0 0 1 1 1 1 1 0.5241090146750524 68.492104
0 0 0 1 1 1 1 0.6218905472636815 65.6436
1 1 1 0 0 0 0 0.49603174603174605 31.631901
0 0 0 0 0 0 1 0.47619047619047616 18.042101
0 0 0 0 0 1 0 1.0 27.813999
0 0 0 0 0 0 0 0.5868544600938967 0.0
0 1 1 1 1 1 1 0.8333333333333334 73.052002
1 1 0 0 0 0 0 0.4528985507246377 27.7218
0 0 0 0 0 0 1 0.5241090146750524 18.0928
0 1 0 0 0 0 0 1.4992503748125936 20.954901
0 1 1 1 1 1 0 0.49603174603174605 69.906898
1 1 1 1 0 0 0 0.5241090146750524 36.8288
0 0 0 0 0 0 0 0.47619047619047616 0.0
0 0 0 0 1 1 0 0.6218905472636815 58.088001
0 0 1 1 1 1 1 0.6218905472636815 68.376198
0 0 1 0 0 0 0 0.49603174603174605 15.6528
1 1 1 0 0 0 0 0.5555555555555556 33.5089
0 0 0 0 0 1 0 0.7153075822603719 27.695499
0 0 0 0 1 1 1 0.8333333333333334 60.909
0 0 0 0 0 0 1 0.6613756613756614 18.214899
0 0 0 1 0 0 0 1.4992503748125936 12.9801
0 1 1 1 1 1 1 2.0 85.767899
1 0 0 0 0 0 0 0.5555555555555556 19.352301
0 0 1 1 1 1 0 0.6613756613756614 66.303802
1 0 0 0 0 0 0 0.5555555555555556 18.513599
0 0 0 0 1 1 0 0.4528985507246377 59.1553
0 0 0 1 0 0 0 1.0 12.1893
0 0 0 1 1 1 1 0.49603174603174605 64.408302
0 0 0 0 0 0 0 0.5241090146750524 0.0
0 1 1 0 0 0 0 0.6613756613756614 27.2498
0 0 0 1 0 0 0 0.7153075822603719 12.1563
0 0 1 1 1 1 0 0.5241090146750524 65.163399
0 0 0 0 0 1 0 0.5868544600938967 28.2334
0 1 1 1 1 1 1 0.49603174603174605 72.875603
0 0 0 0 0 0 0 0.5241090146750524 0.0
1 1 1 0 0 0 0 0.5868544600938967 33.998299
0 0 1 1 1 0 0 0.8333333333333334 57.993801
0 1 1 1 1 0 0 0.6613756613756614 64.735802
0 1 1 1 0 0 0 0.6218905472636815 26.416201
0 0 0 0 0 0 0 2.0 0.0
0 0 1 1 1 1 1 0.47619047619047616 68.690903
0 0 1 1 1 1 0 0.5868544600938967 65.450996
0 0 1 1 1 0 0 0.47619047619047616 58.991798
0 0 0 1 1 0 0 0.47619047619047616 54.284
1 1 1 1 1 0 0 0.5241090146750524 72.566399
1 1 0 0 0 0 0 0.5868544600938967 26.716
1 1 1 1 0 0 0 0.5241090146750524 35.950298
0 0 1 1 1 1 1 0.6613756613756614 68.600601
0 0 1 1 1 1 0 0.49603174603174605 67.4347
0 0 0 0 1 1 1 0.4528985507246377 60.634899
0 0 0 0 1 1 1 0.7153075822603719 62.0005
0 0 1 1 1 1 1 1.4992503748125936 85.584702
0 0 0 0 0 0 0 0.6218905472636815 0.0
0 0 1 1 0 0 0 0.7153075822603719 24.812901
0 1 0 0 0 0 0 0.6218905472636815 19.564301
1 1 1 1 1 1 1 0.47619047619047616 81.547401
0 0 0 0 0 1 0 0.8333333333333334 28.055799
1 1 1 1 1 0 0 0.5555555555555556 72.726601
0 0 0 1 1 1 1 0.6613756613756614 64.829002
0 0 1 1 1 0 0 2.0 75.509003
1 0 0 0 0 0 0 0.8333333333333334 19.881599
0 0 1 1 1 0 0 1.4992503748125936 64.036797
0 0 0 0 0 1 0 0.5555555555555556 28.2449
0 0 0 0 0 0 0 0.47619047619047616 0.0
1 1 1 0 0 0 0 0.49603174603174605 31.778099
1 1 1 0 0 0 0 0.47619047619047616 31.6014
0 0 0 0 0 0 1 1.4992503748125936 18.354799
0 0 0 0 1 0 0 0.5555555555555556 49.742199
0 0 1 1 1 0 0 0.7153075822603719 59.164799
1 0 0 0 0 0 0 0.5868544600938967 19.7012
0 0 0 1 1 1 1 0.8333333333333334 64.229897
1 1 1 1 1 1 1 0.49603174603174605 85.704903
0 0 1 1 1 1 1 2.0 81.675301
1 1 1 1 1 1 0 2.0 92.627098
0 1 1 1 1 1 1 0.6613756613756614 74.520699
0 0 0 1 1 1 0 1.4992503748125936 68.990898
0 0 0 0 0 1 0 1.0 28.058901
0 0 0 0 0 0 1 1.4992503748125936 18.305799
0 0 0 0 0 0 0 0.4528985507246377 0.0
1 0 0 0 0 0 0 0.8333333333333334 20.1908
0 0 1 1 0 0 0 0.8333333333333334 24.841299
0 0 0 0 1 1 1 0.7153075822603719 61.0411
1 1 0 0 0 0 0 0.6218905472636815 28.4664
1 1 1 1 1 0 0 0.4528985507246377 72.017998
0 0 0 0 0 1 0 1.0 28.195299
0 0 0 0 0 1 0 0.6613756613756614 28.1693
1 1 0 0 0 0 0 1.0 29.1637
0 1 0 0 0 0 0 0.8333333333333334 18.498199
1 1 1 1 1 0 0 0.5555555555555556 72.645203
0 0 1 1 1 1 1 0.6218905472636815 69.478302
0 0 0 1 0 0 0 0.5241090146750524 12.1627
1 1 1 0 0 0 0 0.4528985507246377 32.419399
0 0 0 0 0 0 1 1.0 18.0501
0 0 0 0 1 0 0 1.0 49.5742
0 0 0 0 0 1 1 0.47619047619047616 36.012901
0 0 0 0 0 0 0 0.7153075822603719 0.0
0 0 0 0 1 1 1 0.6613756613756614 61.1646
0 0 1 1 1 1 0 0.6613756613756614 65.961502
0 0 0 0 1 0 0 1.0 52.3974
0 0 1 1 1 0 0 0.5555555555555556 58.1492
0 1 1 1 0 0 0 2.0 45.787102
1 1 0 0 0 0 0 0.5868544600938967 26.541
0 1 1 1 1 1 1 1.0 74.9245
1 1 1 1 1 1 1 0.4528985507246377 83.718803
0 1 1 0 0 0 0 0.7153075822603719 28.333599
0 0 0 1 1 0 0 0.5241090146750524 53.428001
0 0 0 0 0 0 0 0.7153075822603719 0.0
0 0 1 1 0 0 0 0.4528985507246377 25.247999
0 1 1 1 1 1 0 0.5868544600938967 70.182999
1 1 1 0 0 0 0 0.5555555555555556 33.108398
0 1 1 1 1 1 1 1.4992503748125936 81.227097
0 0 0 0 1 1 0 0.49603174603174605 59.0905
0 1 1 1 1 0 0 1.4992503748125936 69.345001
0 1 1 1 1 1 0 0.6218905472636815 72.001701
0 0 0 0 0 0 0 0.4528985507246377 0.0
0 0 1 1 1 0 0 0.6613756613756614 57.9883
0 0 1 0 0 0 0 0.4528985507246377 15.5166
1 1 0 0 0 0 0 0.5241090146750524 26.3127
0 0 0 1 1 1 1 0.7153075822603719 64.918701
1 1 1 1 1 1 1 1.4992503748125936 91.0252
1 1 1 0 0 0 0 0.5241090146750524 33.740398
1 1 1 1 0 0 0 0.5868544600938967 37.0704
0 0 0 0 1 1 1 0.49603174603174605 60.9944
0 1 1 1 0 0 0 0.5241090146750524 26.1348
0 0 0 0 0 0 1 2.0 18.629999
0 0 0 0 0 1 1 0.5868544600938967 35.299999
0 0 0 0 0 0 0 0.7153075822603719 0.0
0 1 1 0 0 0 0 0.5868544600938967 21.056
0 0 0 0 0 1 0 0.6613756613756614 27.710501
1 1 1 1 1 0 0 0.5868544600938967 75.491898
0 1 1 1 1 1 1 0.5555555555555556 72.268402
1 1 1 1 1 1 0 0.4528985507246377 82.069801
1 1 1 1 1 1 1 0.6218905472636815 84.754898
0 1 1 1 1 0 0 0.5555555555555556 63.2211
0 0 1 1 1 1 1 0.49603174603174605 68.414497
0 0 1 1 1 1 0 0.7153075822603719 66.010803
0 0 0 1 1 0 0 0.4528985507246377 53.582802
0 0 0 0 0 1 0 0.5555555555555556 28.2057
1 1 1 1 1 0 0 1.0 76.846298
0 1 1 1 1 0 0 1.0 65.089996
0 1 1 1 1 1 1 0.5868544600938967 74.698997
1 1 1 1 1 1 0 0.6218905472636815 80.738403
0 0 0 0 1 0 0 0.6218905472636815 50.151699
0 0 1 0 0 0 0 1.4992503748125936 16.201
0 1 1 1 1 0 0 0.7153075822603719 65.023399
1 1 1 0 0 0 0 0.7153075822603719 32.2999
0 0 0 0 0 1 1 0.47619047619047616 35.481602
1 1 1 1 0 0 0 0.6613756613756614 36.9132
1 1 1 0 0 0 0 1.0 34.764099
0 0 0 0 0 1 0 0.49603174603174605 27.683701
0 1 1 1 1 0 0 0.5241090146750524 64.920502
0 1 1 1 0 0 0 0.49603174603174605 26.146
0 1 1 1 1 1 1 0.6613756613756614 73.695198
0 0 0 1 1 1 1 0.49603174603174605 64.810501
0 0 1 0 0 0 0 1.0 15.6153
0 0 0 0 1 1 0 1.4992503748125936 72.8703
0 0 0 0 1 0 0 0.5868544600938967 50.468399
0 0 1 1 0 0 0 0.49603174603174605 25.206301
0 1 0 0 0 0 0 0.6613756613756614 18.621901
0 1 1 1 1 1 0 0.5555555555555556 70.214798
1 1 1 1 1 0 0 0.49603174603174605 73.483398
0 1 1 1 1 0 0 0.47619047619047616 63.6693
0 0 0 1 1 1 1 0.8333333333333334 67.283203
0 0 0 0 1 1 1 0.6613756613756614 61.9804
0 1 1 1 0 0 0 0.7153075822603719 27.4863
1 1 1 1 0 0 0 0.6218905472636815 36.870201
0 0 0 0 0 0 0 0.6218905472636815 0.0
0 0 1 1 1 1 1 0.6613756613756614 69.018799
0 0 0 0 0 0 0 0.49603174603174605 0.0
0 0 0 0 1 0 0 1.0 58.606998
0 0 0 0 1 1 1 0.5868544600938967 60.626801
0 1 1 1 1 1 1 0.5555555555555556 74.545998
0 1 1 0 0 0 0 0.49603174603174605 22.625099
0 0 0 0 0 1 0 0.49603174603174605 27.2614
0 0 0 1 0 0 0 2.0 14.2529
0 0 0 1 1 1 0 0.47619047619047616 62.594398
0 0 0 0 0 0 0 0.49603174603174605 0.0
0 0 0 0 1 1 1 1.4992503748125936 65.879097
0 1 1 1 1 0 0 0.7153075822603719 65.003601
0 1 1 1 1 0 0 2.0 79.995796
0 0 0 0 0 0 0 0.7153075822603719 0.0
0 0 0 1 1 1 1 0.7153075822603719 65.031502
0 0 0 0 1 1 1 0.4528985507246377 61.386799
1 0 0 0 0 0 0 0.5868544600938967 19.818701
0 0 0 1 0 0 0 1.0 12.3375
0 0 0 0 0 0 0 0.4528985507246377 0.0
1 1 1 1 1 1 0 0.8333333333333334 82.125702
0 1 1 1 1 1 1 1.4992503748125936 83.139297
1 1 0 0 0 0 0 1.4992503748125936 34.124001
0 1 1 0 0 0 0 1.4992503748125936 32.9823
0 0 1 1 1 0 0 0.6218905472636815 57.7383
0 0 0 0 0 0 0 0.47619047619047616 0.0
0 0 0 0 0 1 1 0.5241090146750524 35.4795
0 0 0 0 0 0 0 1.4992503748125936 0.0
0 0 0 1 1 1 0 0.5868544600938967 62.712502
0 0 0 0 0 0 0 0.7153075822603719 0.0
1 1 0 0 0 0 0 0.5868544600938967 27.5366
0 1 0 0 0 0 0 0.4528985507246377 21.343901
0 0 0 0 0 1 0 0.4528985507246377 27.253599
0 0 1 1 1 0 0 0.5555555555555556 58.162601
0 0 1 0 0 0 0 0.47619047619047616 15.5385
0 0 0 0 0 0 0 0.6613756613756614 0.0
0 1 1 0 0 0 0 0.4528985507246377 20.5464
0 1 1 0 0 0 0 0.7153075822603719 27.3885
1 0 0 0 0 0 0 0.6218905472636815 18.8724
0 1 0 0 0 0 0 0.47619047619047616 18.609501
1 1 1 1 1 0 0 0.6613756613756614 75.005501
1 1 0 0 0 0 0 0.5241090146750524 26.4769
0 0 0 0 0 0 0 0.4528985507246377 0.0
0 0 0 1 1 1 0 0.47619047619047616 63.557499
0 0 0 0 0 0 0 0.8333333333333334 0.0
0 1 1 1 1 0 0 1.4992503748125936 68.680397
0 0 0 1 1 0 0 2.0 68.800903
0 0 0 0 0 1 0 0.5868544600938967 27.929501
0 0 0 1 1 1 1 0.5555555555555556 64.549698
0 0 1 1 1 1 1 0.8333333333333334 69.780296
0 0 0 0 0 0 0 2.0 0.0
1 1 1 0 0 0 0 0.49603174603174605 32.750099
1 0 0 0 0 0 0 0.4528985507246377 18.8326
1 1 1 1 1 1 1 1.4992503748125936 90.510002
0 0 1 0 0 0 0 0.8333333333333334 15.3377
1 1 1 1 0 0 0 2.0 53.016602
0 0 0 1 0 0 0 0.6613756613756614 12.077
0 0 0 1 1 1 0 1.4992503748125936 69.700203
1 1 1 0 0 0 0 1.4992503748125936 40.393002
0 1 1 0 0 0 0 0.47619047619047616 20.568899
0 0 0 1 1 1 0 0.7153075822603719 61.177799
0 1 1 1 1 1 0 0.49603174603174605 73.774597
0 0 0 0 0 0 0 0.47619047619047616 0.0
0 0 0 0 0 0 0 0.7153075822603719 0.0
0 1 1 1 0 0 0 0.6218905472636815 28.4771
0 0 0 1 0 0 0 0.6613756613756614 11.9952
0 1 1 1 1 1 0 1.0 70.744598
0 0 0 1 1 1 1 0.6613756613756614 65.497803
0 0 1 1 1 0 0 1.4992503748125936 65.697098
0 0 0 0 1 1 0 0.4528985507246377 58.732899
0 1 1 1 1 1 0 0.8333333333333334 70.710999
0 0 0 1 1 1 0 0.5868544600938967 62.119801
1 1 1 1 1 0 0 0.6218905472636815 73.121101
0 0 1 0 0 0 0 0.8333333333333334 15.2311
0 0 0 0 1 1 0 0.7153075822603719 59.619099
0 1 1 1 1 0 0 0.6218905472636815 63.689602
0 0 0 0 1 0 0 0.6218905472636815 49.886398
0 1 1 0 0 0 0 1.4992503748125936 32.422401
1 1 1 0 0 0 0 1.0 35.721298
1 1 1 1 1 1 0 0.5868544600938967 80.466499
0 1 1 1 0 0 0 0.8333333333333334 31.0669
0 0 0 1 1 1 1 2.0 75.053596
0 1 0 0 0 0 0 0.5555555555555556 20.892
0 0 0 0 1 1 1 0.47619047619047616 61.260502
0 0 0 0 1 0 0 0.5555555555555556 49.469501
0 0 0 0 0 0 1 0.7153075822603719 18.163099
0 0 0 0 0 0 0 0.4528985507246377 0.0
0 0 1 1 0 0 0 0.5241090146750524 25.114401
0 0 0 0 0 0 0 0.47619047619047616 0.0
0 0 0 0 1 1 0 0.8333333333333334 58.541
0 1 1 1 1 0 0 0.4528985507246377 63.7257
0 0 0 1 0 0 0 0.6218905472636815 11.9753
1 1 1 1 1 0 0 0.47619047619047616 72.268402
0 0 0 0 0 0 0 0.5241090146750524 0.0
0 0 1 1 1 1 0 0.6218905472636815 67.261902
0 0 0 0 1 1 0 0.7153075822603719 59.608501
0 0 0 0 1 1 0 1.0 65.915802
0 0 0 0 0 0 0 0.5555555555555556 0.0
0 0 0 1 1 1 1 0.5868544600938967 64.137199
0 0 0 0 0 1 1 0.5868544600938967 35.154499
0 0 1 0 0 0 0 1.0 15.3296
0 0 0 0 1 1 1 0.49603174603174605 61.155701
0 0 0 0 0 0 0 1.4992503748125936 0.0
0 1 0 0 0 0 0 2.0 22.486601
0 0 0 1 1 0 0 2.0 64.060898
0 0 0 1 1 1 0 1.4992503748125936 67.741402
0 0 0 0 1 1 0 2.0 71.680702
0 1 1 1 0 0 0 0.8333333333333334 33.005798
0 0 0 1 1 1 1 0.5241090146750524 64.144798
0 1 1 1 1 1 1 0.8333333333333334 73.985298
0 1 1 1 1 1 1 0.47619047619047616 70.800499
0 0 1 1 1 1 0 0.6613756613756614 67.247803
0 1 1 1 1 0 0 1.4992503748125936 68.564697
1 1 1 0 0 0 0 1.4992503748125936 40.2663
0 0 0 0 0 0 1 0.8333333333333334 18.128
0 1 0 0 0 0 0 1.4992503748125936 19.084999
1 1 1 1 0 0 0 0.49603174603174605 35.526798
0 1 1 1 0 0 0 0.5241090146750524 25.930599
0 0 0 1 1 0 0 0.5868544600938967 53.910999
0 1 1 0 0 0 0 0.47619047619047616 20.886
1 1 1 1 1 1 1 0.5868544600938967 85.054199
0 0 0 1 1 1 1 0.47619047619047616 64.601303
0 0 0 1 1 0 0 2.0 68.724403
1 1 1 1 0 0 0 1.0 39.468102
1 1 0 0 0 0 0 0.5868544600938967 26.306601
0 0 0 0 0 0 0 0.5555555555555556 0.0
0 1 1 0 0 0 0 1.4992503748125936 32.1245
0 0 1 1 1 1 0 0.4528985507246377 65.521698
1 1 0 0 0 0 0 2.0 39.905899
1 1 1 1 1 1 0 1.4992503748125936 86.880096
0 1 1 0 0 0 0 0.5241090146750524 20.5828
0 0 0 1 1 1 1 0.4528985507246377 64.183296
0 0 0 0 0 0 0 0.6218905472636815 0.0
1 1 1 1 1 1 1 2.0 93.7258
0 0 1 1 1 1 1 0.5241090146750524 70.012299
0 1 1 0 0 0 0 2.0 34.511299
0 0 0 1 1 1 1 0.5868544600938967 65.1828
1 1 1 1 1 0 0 0.5555555555555556 73.449203
0 0 0 1 1 1 0 1.4992503748125936 68.037498
0 0 1 1 1 1 0 0.47619047619047616 65.2789
1 1 1 1 1 0 0 0.47619047619047616 71.983101
0 0 0 0 1 1 1 0.6613756613756614 61.394501
0 0 0 1 0 0 0 0.8333333333333334 12.2316
0 1 1 1 1 1 1 0.6218905472636815 71.701698
1 0 0 0 0 0 0 0.5555555555555556 18.850599
0 1 1 1 1 1 1 0.4528985507246377 73.105301
0 1 1 1 1 1 0 0.7153075822603719 72.674103
0 0 0 1 1 0 0 2.0 70.4767
0 0 0 0 1 0 0 0.8333333333333334 55.134201
0 1 1 1 1 0 0 0.49603174603174605 63.816101
0 0 1 1 1 1 0 0.7153075822603719 66.178596
0 0 1 1 1 1 1 0.4528985507246377 68.253998
0 0 0 0 0 0 0 0.8333333333333334 0.0
0 1 0 0 0 0 0 2.0 20.945101
0 0 0 0 0 0 0 0.5868544600938967 0.0
1 1 1 1 1 1 1 2.0 93.5383
0 0 0 0 1 0 0 0.6613756613756614 49.321098
0 0 1 1 1 0 0 2.0 72.378502
0 0 0 0 0 0 0 0.5555555555555556 0.0
0 0 1 1 1 1 0 0.47619047619047616 65.703796
1 1 1 1 1 0 0 0.6218905472636815 74.128799
0 1 1 1 1 0 0 0.5555555555555556 63.997799
0 0 0 0 1 1 1 0.47619047619047616 61.482101
1 1 1 1 1 0 0 0.49603174603174605 73.717003
0 0 0 0 1 0 0 0.49603174603174605 49.1231
0 1 0 0 0 0 0 0.6218905472636815 18.8104
1 1 1 1 1 1 0 0.6218905472636815 81.086899
0 0 1 1 0 0 0 1.0 25.381701
0 0 1 1 0 0 0 0.49603174603174605 25.055
0 0 0 0 0 0 0 0.5868544600938967 0.0
0 0 0 0 0 0 0 0.6613756613756614 0.0
0 1 1 1 0 0 0 0.4528985507246377 27.4729
0 0 1 1 1 0 0 0.6218905472636815 58.069401
0 0 0 1 1 0 0 1.0 60.5742
0 0 0 1 1 0 0 1.4992503748125936 69.813698
0 1 1 1 1 0 0 0.6613756613756614 63.582298
1 1 1 1 0 0 0 2.0 50.974998
0 0 0 1 0 0 0 1.4992503748125936 13.0051
1 1 1 1 0 0 0 0.4528985507246377 35.8507
0 0 1 1 1 1 0 0.5555555555555556 66.4925
0 0 0 0 1 0 0 2.0 58.772099
1 1 1 1 1 1 1 0.49603174603174605 84.803398
0 0 0 0 1 0 0 0.6218905472636815 50.611599
0 0 1 1 1 1 1 0.6218905472636815 69.415802
0 0 0 1 1 1 0 0.8333333333333334 63.441101
1 1 1 0 0 0 0 0.5241090146750524 31.601801
0 0 0 0 0 0 0 1.0 0.0
0 0 0 0 1 1 1 0.47619047619047616 59.739601
0 0 0 0 0 0 0 0.6613756613756614 0.0
1 1 0 0 0 0 0 0.5241090146750524 26.441799
0 0 0 0 0 0 1 0.8333333333333334 17.942699
0 0 0 0 0 1 0 0.6613756613756614 27.8377
0 0 0 0 1 1 0 0.49603174603174605 59.1147
0 0 0 0 0 1 1 1.0 35.510799
0 1 1 0 0 0 0 2.0 34.970699
0 0 0 0 0 0 0 0.8333333333333334 0.0
0 0 0 0 1 1 0 0.47619047619047616 58.508801
0 0 0 0 1 1 0 1.0 65.250198
0 0 1 1 1 0 0 0.6613756613756614 58.4389
0 0 0 1 0 0 0 0.4528985507246377 11.9893
0 0 0 1 1 1 1 0.7153075822603719 65.410301
0 0 1 1 0 0 0 0.5241090146750524 25.1868
0 0 0 1 1 0 0 0.49603174603174605 53.440701
1 1 0 0 0 0 0 0.49603174603174605 26.003201
0 0 0 0 1 1 1 0.5241090146750524 61.381699
0 0 1 0 0 0 0 0.47619047619047616 15.6528
1 0 0 0 0 0 0 0.6218905472636815 19.395
0 0 0 1 1 0 0 1.4992503748125936 67.468903
0 0 1 0 0 0 0 0.49603174603174605 15.5416
1 1 1 1 1 0 0 0.6613756613756614 74.103996
1 1 1 1 1 0 0 0.8333333333333334 75.282997
0 0 0 0 0 0 0 0.5868544600938967 0.0
0 0 0 0 0 0 0 0.6613756613756614 0.0
0 1 1 0 0 0 0 0.6613756613756614 27.105301
0 0 1 1 0 0 0 0.8333333333333334 24.691401
0 0 1 1 1 1 1 0.5241090146750524 68.476303
0 0 0 1 1 0 0 0.6613756613756614 53.4049
0 0 0 1 1 1 1 0.6613756613756614 64.790001
1 1 1 1 0 0 0 0.6613756613756614 37.141701
0 0 1 1 1 0 0 0.49603174603174605 57.7822
0 0 1 1 1 1 1 0.6613756613756614 69.087402
0 0 0 0 0 0 0 0.8333333333333334 0.0
0 0 0 0 1 1 1 0.5241090146750524 62.0173
0 1 1 0 0 0 0 1.0 31.876301
0 0 0 0 0 0 0 0.47619047619047616 0.0
0 0 1 1 1 1 0 1.0 67.483902
0 0 0 0 1 1 0 1.0 67.080902
0 0 0 0 0 1 0 0.49603174603174605 27.991899
1 1 1 1 0 0 0 0.7153075822603719 37.0783
1 1 1 1 1 1 0 0.5868544600938967 81.117599
0 0 0 1 1 0 0 0.5868544600938967 53.719601
0 0 0 0 0 1 0 1.0 28.248699
0 0 0 0 0 0 0 0.6613756613756614 0.0
0 0 1 1 1 1 1 1.0 69.139397
0 0 0 0 0 0 1 0.5555555555555556 18.1488
0 1 1 1 0 0 0 0.4528985507246377 26.9944
0 0 0 0 0 0 0 0.7153075822603719 0.0
0 1 1 1 1 1 0 1.4992503748125936 76.2995
0 1 1 1 1 1 1 0.5555555555555556 74.378799
0 1 1 1 0 0 0 0.6218905472636815 27.870501
0 0 0 1 1 1 0 1.0 63.501701
0 0 1 1 1 0 0 0.7153075822603719 58.624699
0 1 1 0 0 0 0 0.6613756613756614 25.8015
0 0 0 0 1 0 0 0.49603174603174605 49.448799
0 0 0 0 0 1 0 0.4528985507246377 27.855499
1 1 1 0 0 0 0 0.7153075822603719 32.727501
0 0 0 1 1 1 1 1.0 65.282997
1 1 1 1 0 0 0 0.5241090146750524 36.115101
0 0 0 1 1 1 1 0.5241090146750524 62.883598
0 1 0 0 0 0 0 0.49603174603174605 20.9809
0 0 0 0 1 0 0 1.4992503748125936 54.236599
0 0 0 0 0 0 0 0.6218905472636815 0.0
0 0 0 1 1 0 0 0.6613756613756614 52.8489
0 0 0 1 0 0 0 0.5868544600938967 11.9489
0 0 0 0 0 0 0 0.5241090146750524 0.0
0 0 0 1 1 1 1 0.4528985507246377 64.935799
0 0 1 1 1 0 0 0.6218905472636815 57.943401
1 1 1 1 1 1 1 0.6218905472636815 83.4702
1 1 1 1 0 0 0 0.8333333333333334 39.9133
1 0 0 0 0 0 0 0.5555555555555556 19.388901
0 1 1 1 0 0 0 2.0 46.897999
0 1 1 1 1 0 0 2.0 83.665703
1 0 0 0 0 0 0 0.5868544600938967 18.886299
0 0 0 0 0 0 0 0.5868544600938967 0.0
0 0 0 1 1 1 1 2.0 74.565201
0 0 1 1 1 1 1 0.4528985507246377 67.233398
0 0 1 1 1 1 1 0.6613756613756614 68.857399
1 1 1 0 0 0 0 0.5241090146750524 33.0653
0 0 0 0 0 0 0 0.47619047619047616 0.0
0 0 0 0 0 1 0 2.0 28.5119
0 0 0 0 0 1 1 0.5868544600938967 35.688599
0 1 0 0 0 0 0 0.5868544600938967 19.8402
1 1 1 1 1 1 1 1.0 85.8591
0 0 1 1 1 1 1 0.6218905472636815 68.778198
0 0 0 0 1 1 0 0.8333333333333334 59.2985
0 0 0 0 0 0 1 0.6613756613756614 18.3435
0 0 0 1 1 1 0 1.4992503748125936 69.488998
0 0 0 1 0 0 0 0.4528985507246377 12.04
1 1 1 1 0 0 0 0.5555555555555556 36.337502
0 0 0 0 1 0 0 0.5555555555555556 49.136501
1 1 1 0 0 0 0 0.5241090146750524 31.700399
1 1 1 1 1 1 1 0.5241090146750524 81.908897
0 1 1 1 0 0 0 1.0 37.320202
0 0 0 0 0 0 0 0.6218905472636815 0.0
0 0 0 0 1 1 0 0.5241090146750524 58.4142
0 0 1 1 1 1 1 0.5555555555555556 66.7556
0 0 0 1 0 0 0 0.6218905472636815 11.9983
0 0 1 1 1 0 0 0.47619047619047616 58.240898
0 0 0 1 1 0 0 0.49603174603174605 54.360401
0 0 0 0 0 0 1 2.0 18.6336
0 1 1 1 1 1 1 1.4992503748125936 81.512199
0 0 0 0 0 0 0 0.49603174603174605 0.0
0 0 1 1 1 1 0 0.6613756613756614 66.035599
0 0 0 0 0 0 0 1.4992503748125936 0.0
0 1 1 1 1 0 0 0.6218905472636815 64.3881
0 1 0 0 0 0 0 0.4528985507246377 19.1189
0 0 0 0 0 0 0 0.5868544600938967 0.0
0 0 0 1 1 1 0 0.8333333333333334 63.194801
0 1 0 0 0 0 0 0.5555555555555556 21.807699
0 0 0 0 0 1 1 0.5868544600938967 35.481201
0 0 0 0 0 0 0 0.8333333333333334 0.0
0 0 0 1 1 1 1 0.49603174603174605 64.506302
0 0 0 0 0 0 0 0.5868544600938967 0.0
0 0 0 0 0 0 0 0.8333333333333334 0.0
0 1 1 1 1 1 0 0.5868544600938967 70.742996
1 1 1 1 0 0 0 0.5241090146750524 38.241299
1 1 0 0 0 0 0 0.8333333333333334 29.910801
0 0 1 1 1 1 1 0.5241090146750524 68.329597
0 0 0 1 1 1 1 1.4992503748125936 73.756798
0 0 1 1 0 0 0 1.0 25.186001
0 1 1 1 1 0 0 0.5241090146750524 64.115303
0 0 0 1 0 0 0 0.5868544600938967 12.0084
0 0 0 0 1 1 1 1.4992503748125936 68.686699
1 0 0 0 0 0 0 0.7153075822603719 19.8309
0 1 0 0 0 0 0 0.6218905472636815 21.781401
1 1 1 1 0 0 0 0.6613756613756614 38.1311
0 0 0 1 1 0 0 0.49603174603174605 53.611198
0 0 1 1 0 0 0 1.0 25.1903
0 0 1 0 0 0 0 1.0 15.3478
0 0 0 0 0 0 0 0.6218905472636815 0.0
0 0 0 0 0 1 0 0.5868544600938967 27.8988
1 1 1 1 1 1 1 0.7153075822603719 83.821297
0 1 0 0 0 0 0 0.6613756613756614 21.583
0 1 1 1 1 1 0 0.8333333333333334 71.109703
0 0 0 1 1 1 1 0.5868544600938967 64.875702
1 1 1 1 0 0 0 0.5241090146750524 38.2519
0 0 1 0 0 0 0 0.47619047619047616 15.4911
1 1 1 1 0 0 0 0.5555555555555556 36.4459
0 0 1 1 1 0 0 0.47619047619047616 57.571301
0 0 0 1 1 0 0 0.49603174603174605 54.4813
0 1 1 1 0 0 0 0.49603174603174605 26.5744
0 0 0 0 0 0 1 2.0 18.646
0 0 0 0 0 1 0 0.49603174603174605 27.2964
0 1 1 1 1 0 0 1.0 66.858101
0 0 0 1 0 0 0 0.47619047619047616 12.0613
1 1 1 1 0 0 0 1.4992503748125936 46.555801
0 1 1 1 1 0 0 0.6613756613756614 64.100197
1 1 1 1 0 0 0 0.49603174603174605 36.553299
0 0 1 1 1 0 0 0.4528985507246377 57.142101
0 1 1 1 0 0 0 1.0 36.436401
1 1 0 0 0 0 0 1.0 28.2152
0 0 0 0 0 0 0 0.6218905472636815 0.0
0 1 1 1 1 0 0 0.7153075822603719 64.612
0 0 0 1 1 1 0 2.0 70.671997
1 1 0 0 0 0 0 0.5241090146750524 28.6124
0 0 0 1 1 1 0 0.6218905472636815 62.110199
0 0 0 0 0 0 1 0.5241090146750524 18.088699
1 1 1 1 0 0 0 0.5868544600938967 37.118801
0 1 1 1 1 1 1 0.5241090146750524 73.275703
1 1 1 1 1 0 0 0.7153075822603719 74.507797
1 1 1 1 1 1 1 0.5241090146750524 84.471901
0 1 1 0 0 0 0 0.4528985507246377 24.427601
0 0 1 0 0 0 0 0.49603174603174605 15.6758
0 0 1 1 1 1 0 0.6613756613756614 65.805603
0 0 1 1 1 0 0 0.49603174603174605 57.648499
0 1 1 1 1 0 0 0.6613756613756614 63.979099
1 0 0 0 0 0 0 1.0 20.889
1 1 1 1 1 1 1 0.6613756613756614 84.578697
0 1 1 1 1 1 1 1.0 76.162003
1 1 1 1 1 1 1 0.7153075822603719 86.167603
0 0 1 1 1 0 0 0.6613756613756614 57.905701
0 0 0 0 0 0 0 0.47619047619047616 0.0
0 0 0 0 0 1 1 0.4528985507246377 35.216
1 1 1 1 0 0 0 1.4992503748125936 46.255199
0 0 1 1 1 0 0 0.5555555555555556 57.3671
0 0 0 1 1 0 0 0.4528985507246377 53.1231
0 0 0 0 1 0 0 0.4528985507246377 49.887501
0 1 1 1 1 0 0 1.0 64.762199
0 0 0 1 1 1 0 2.0 72.244202
0 0 0 0 0 0 0 0.6613756613756614 0.0
1 1 0 0 0 0 0 0.47619047619047616 27.8391
0 0 0 0 1 0 0 0.5555555555555556 49.3466
1 1 0 0 0 0 0 0.6613756613756614 26.0765
0 1 1 1 1 1 1 1.0 74.336998
0 0 0 0 0 0 1 1.4992503748125936 18.431601
1 1 1 1 1 1 0 0.47619047619047616 78.213402
0 0 0 0 0 0 0 0.5555555555555556 0.0
0 0 0 0 1 1 0 1.0 64.2202
0 1 1 1 1 1 0 1.4992503748125936 77.087196
0 0 1 1 1 1 1 0.5868544600938967 69.590401
0 0 0 1 0 0 0 0.5555555555555556 12.0661
0 1 1 1 0 0 0 0.7153075822603719 29.0746
1 1 1 1 1 0 0 0.8333333333333334 74.634102
0 1 1 0 0 0 0 0.5241090146750524 25.7983
0 0 1 1 1 0 0 0.5868544600938967 57.760799
0 0 0 1 1 1 0 0.5241090146750524 62.226501
1 1 1 1 1 1 0 2.0 93.826103
1 1 0 0 0 0 0 0.8333333333333334 29.230101
1 1 1 1 1 0 0 0.7153075822603719 73.927803
0 1 1 1 1 1 1 1.4992503748125936 82.5914
0 0 0 1 0 0 0 0.6613756613756614 12.0638
0 0 1 1 0 0 0 0.6218905472636815 24.709
1 1 1 1 1 0 0 0.4528985507246377 72.380997
0 0 0 1 0 0 0 1.4992503748125936 13.4734
0 1 0 0 0 0 0 1.0 18.886101
0 1 1 1 0 0 0 1.4992503748125936 43.239899
0 1 1 1 1 1 1 0.5241090146750524 74.816902
0 1 1 1 1 1 0 2.0 82.781403
0 0 0 0 1 1 0 1.0 67.024399
1 1 1 1 1 1 1 0.49603174603174605 82.375801
0 0 0 0 0 1 0 0.6218905472636815 28.2407
0 0 0 0 0 0 0 0.49603174603174605 0.0
1 1 1 1 0 0 0 0.4528985507246377 37.7519
0 1 1 1 0 0 0 0.5868544600938967 28.5364
0 0 0 1 1 1 0 0.7153075822603719 60.761101
0 0 0 0 0 0 0 2.0 0.0
1 1 1 1 1 0 0 0.6218905472636815 73.227501
0 0 0 0 0 1 1 0.5241090146750524 35.830898
0 0 1 0 0 0 0 0.5555555555555556 15.3456
0 0 1 1 0 0 0 2.0 28.4347
0 0 1 1 0 0 0 0.6218905472636815 24.619101
1 1 1 0 0 0 0 1.0 35.033001
0 0 0 0 0 0 0 1.4992503748125936 0.0
0 1 1 0 0 0 0 1.0 31.996099
0 0 1 0 0 0 0 2.0 17.3615
0 0 0 1 1 1 1 0.6218905472636815 64.452904
0 0 0 0 1 0 0 0.8333333333333334 54.522499
0 0 0 0 0 0 1 0.6218905472636815 18.196699
0 0 0 0 0 0 0 0.5555555555555556 0.0
0 0 1 1 1 0 0 0.5868544600938967 57.497799
0 0 0 0 1 0 0 0.7153075822603719 49.175499
1 1 1 1 0 0 0 0.5241090146750524 35.891998
1 1 1 1 1 1 0 1.0 83.715698
0 0 0 1 0 0 0 0.5241090146750524 12.0682
0 1 1 1 1 1 0 0.5555555555555556 71.387001
0 0 0 1 0 0 0 0.5868544600938967 11.9912
0 0 0 0 0 1 0 1.0 27.9077
1 0 0 0 0 0 0 0.7153075822603719 19.5952
1 1 1 1 1 0 0 0.6613756613756614 73.910004
0 0 0 0 0 0 0 0.6218905472636815 0.0
0 0 0 0 0 1 0 0.5241090146750524 27.857201
1 1 0 0 0 0 0 0.47619047619047616 26.0037
0 0 0 1 1 1 0 1.4992503748125936 69.275497
0 0 0 0 0 1 0 0.5241090146750524 28.1084
0 0 1 0 0 0 0 0.5241090146750524 15.5382
0 0 0 1 1 1 1 1.4992503748125936 74.007202
1 1 1 0 0 0 0 0.6218905472636815 31.941099
0 1 1 1 1 1 0 0.6613756613756614 70.703102
0 1 1 1 0 0 0 0.8333333333333334 30.3857
1 1 0 0 0 0 0 0.49603174603174605 26.9946
0 0 0 1 1 1 0 0.5241090146750524 62.909401
0 0 0 1 0 0 0 0.7153075822603719 11.9447
0 0 0 0 1 1 0 0.8333333333333334 57.8339
0 0 0 1 0 0 0 0.5868544600938967 12.0128
0 0 0 0 0 0 0 1.4992503748125936 0.0
0 1 1 1 1 1 0 1.0 71.363701
0 0 1 1 1 1 0 0.47619047619047616 64.7798
0 0 0 0 1 1 0 0.5868544600938967 57.070099
1 1 0 0 0 0 0 0.8333333333333334 27.7234
1 1 1 1 0 0 0 0.5555555555555556 36.0667
0 0 0 0 1 1 1 0.47619047619047616 61.673901
0 0 0 1 1 1 0 0.8333333333333334 63.652199
0 0 0 0 1 1 0 0.6613756613756614 59.2859
0 0 0 0 1 0 0 1.0 51.333199
0 1 0 0 0 0 0 2.0 19.871799
0 1 1 1 1 1 0 0.5555555555555556 69.988098
0 1 1 1 1 0 0 0.47619047619047616 63.2556
0 0 1 1 1 1 0 0.7153075822603719 67.852798
0 1 1 0 0 0 0 0.5241090146750524 23.1066
0 1 1 1 1 1 0 0.6613756613756614 70.440697
0 0 1 1 0 0 0 0.6218905472636815 24.662201
1 1 1 0 0 0 0 0.4528985507246377 31.9163
0 0 1 1 1 0 0 0.6613756613756614 58.298401
0 0 0 1 1 1 0 0.6613756613756614 61.234299
0 1 1 1 0 0 0 0.6613756613756614 28.9349
0 1 1 0 0 0 0 1.4992503748125936 34.007599
0 0 0 0 1 1 1 0.5868544600938967 60.409901
0 1 1 1 1 0 0 0.5868544600938967 63.7896
0 1 1 1 1 0 0 1.4992503748125936 69.040001
0 0 0 0 1 0 0 1.0 51.563301
0 0 0 0 0 1 1 0.5868544600938967 35.298
1 1 1 0 0 0 0 1.0 34.268902
1 1 0 0 0 0 0 0.4528985507246377 25.5977
0 1 1 1 1 1 0 1.0 72.228699
0 0 0 1 1 0 0 2.0 69.4786
0 1 1 1 0 0 0 0.4528985507246377 25.9118
0 0 0 1 1 1 1 0.5555555555555556 64.470001
1 1 1 0 0 0 0 1.4992503748125936 42.509499
0 0 0 0 0 1 1 0.5555555555555556 35.080799
0 0 0 0 1 1 1 2.0 67.557999
0 0 1 1 0 0 0 0.8333333333333334 24.981899
1 0 0 0 0 0 0 0.6218905472636815 19.4965
1 1 1 1 0 0 0 0.49603174603174605 36.920799
1 0 0 0 0 0 0 0.49603174603174605 18.6684
0 1 1 1 1 1 1 0.8333333333333334 72.987602
0 1 1 1 1 1 0 0.5241090146750524 71.087303
0 0 1 1 1 0 0 2.0 77.342499
1 1 1 1 1 1 0 0.49603174603174605 79.0215
0 0 1 1 1 0 0 0.5241090146750524 57.7211
0 0 0 0 1 1 0 0.4528985507246377 59.390701
0 0 0 0 1 1 0 2.0 72.807503
0 0 0 0 1 1 0 0.47619047619047616 59.813801
0 0 0 0 0 1 1 0.5555555555555556 35.717701
0 0 0 0 0 0 0 2.0 0.0
0 0 0 0 0 1 1 0.6218905472636815 35.1796
0 0 0 0 0 0 0 0.4528985507246377 0.0
1 1 1 1 0 0 0 0.47619047619047616 37.761501
0 0 1 1 0 0 0 0.7153075822603719 24.643499
0 1 1 1 1 1 1 0.47619047619047616 70.547203
0 1 1 0 0 0 0 0.47619047619047616 20.928499
1 1 1 1 1 0 0 1.0 77.433296
0 0 1 1 0 0 0 0.7153075822603719 24.913601
0 1 0 0 0 0 0 2.0 19.8032
0 0 0 0 0 1 1 0.5555555555555556 35.454201
0 0 0 1 1 0 0 0.6218905472636815 53.4814
0 0 0 1 1 1 0 0.49603174603174605 62.758801
0 0 0 0 0 0 0 0.4528985507246377 0.0
0 0 0 0 0 0 0 0.8333333333333334 0.0
1 1 1 1 1 0 0 1.0 76.082703
0 0 1 0 0 0 0 2.0 17.6714
0 1 1 1 0 0 0 1.4992503748125936 42.808601
0 0 0 0 1 1 1 2.0 77.552696
1 1 1 1 1 0 0 0.6613756613756614 74.114304
1 0 0 0 0 0 0 0.47619047619047616 18.534
0 0 0 0 0 0 0 0.6613756613756614 0.0
0 0 0 0 0 0 0 0.4528985507246377 0.0
0 0 0 0 1 0 0 1.4992503748125936 58.316101
1 1 1 1 1 0 0 0.49603174603174605 72.766296
0 0 0 0 0 0 1 0.5555555555555556 18.056
0 0 0 1 1 1 0 0.6218905472636815 62.401299
0 1 1 0 0 0 0 0.5241090146750524 22.5697
0 0 1 1 1 1 0 0.5555555555555556 65.370598
0 1 1 1 1 1 0 0.8333333333333334 71.684402
1 1 1 1 1 0 0 0.4528985507246377 73.571098
0 0 1 1 1 0 0 0.47619047619047616 58.276001
0 0 0 1 1 1 1 0.5555555555555556 64.640404
1 0 0 0 0 0 0 0.4528985507246377 18.3613
0 0 0 0 0 0 0 2.0 0.0
0 0 0 0 0 0 0 1.0 0.0
0 0 0 0 1 1 0 1.0 67.476601
0 0 1 1 1 0 0 1.4992503748125936 64.414001
1 1 1 1 1 0 0 0.6613756613756614 73.995003
0 0 0 0 0 0 0 0.4528985507246377 0.0
1 1 1 1 1 0 0 0.6613756613756614 73.019501
0 1 1 1 1 0 0 0.7153075822603719 64.285004
0 0 0 1 0 0 0 0.6613756613756614 12.0283
1 1 1 0 0 0 0 0.8333333333333334 33.649799
0 0 0 0 1 1 1 0.5241090146750524 62.196499
0 0 1 1 0 0 0 0.5241090146750524 25.196899
0 1 1 0 0 0 0 1.0 31.7938
0 0 0 1 0 0 0 1.4992503748125936 13.3534
1 1 1 1 0 0 0 0.5868544600938967 36.858299
0 0 0 1 1 0 0 0.6613756613756614 52.813
1 1 1 1 1 1 0 0.47619047619047616 80.768303
1 1 1 0 0 0 0 0.6613756613756614 34.315201
0 0 1 1 1 1 0 0.47619047619047616 66.017197
1 1 1 0 0 0 0 0.8333333333333334 32.870701
0 0 0 0 1 0 0 0.5555555555555556 49.361401
1 0 0 0 0 0 0 0.6613756613756614 18.658899
0 0 0 0 0 0 0 0.5241090146750524 0.0
0 1 1 1 0 0 0 0.8333333333333334 32.766399
0 1 1 0 0 0 0 0.4528985507246377 20.0432
1 1 1 1 1 1 1 0.47619047619047616 81.478203
0 0 1 1 1 1 0 0.5555555555555556 65.549797
0 1 1 1 1 0 0 0.6613756613756614 64.259499
0 0 0 1 1 1 1 0.47619047619047616 65.116402
0 1 1 1 0 0 0 0.6613756613756614 28.4368
0 0 0 0 0 0 0 0.47619047619047616 0.0
1 1 1 0 0 0 0 2.0 46.0606
0 0 0 0 1 0 0 0.6218905472636815 50.102402
0 0 0 0 1 0 0 0.5555555555555556 50.139198
0 0 0 0 0 1 0 0.47619047619047616 28.148701
0 0 0 0 0 1 0 2.0 28.826599
0 1 1 1 1 1 0 0.49603174603174605 72.069397
1 1 1 1 0 0 0 0.47619047619047616 37.832298
0 0 0 1 1 1 0 0.6218905472636815 62.216301
1 1 1 1 0 0 0 0.47619047619047616 35.912102
0 0 0 1 1 0 0 0.5241090146750524 53.658401
0 0 0 0 0 0 0 2.0 0.0
0 0 1 1 0 0 0 2.0 28.717699
0 0 0 0 0 0 0 0.5555555555555556 0.0
0 0 0 0 0 1 0 0.47619047619047616 27.579201
0 0 0 1 1 1 1 0.6613756613756614 63.903599
0 0 1 1 1 1 1 0.6218905472636815 68.319199
0 0 0 0 0 0 0 1.0 0.0
0 1 1 0 0 0 0 0.5241090146750524 22.156401
0 1 1 1 1 1 1 1.4992503748125936 81.377998
0 0 0 0 0 0 0 0.49603174603174605 0.0
1 0 0 0 0 0 0 0.8333333333333334 20.632999
0 0 0 0 0 0 0 0.5555555555555556 0.0
0 0 0 1 1 1 0 0.7153075822603719 62.0961
0 0 1 1 1 1 1 0.8333333333333334 70.321404
0 0 0 0 0 1 1 0.6613756613756614 35.688301
1 1 1 1 1 1 1 0.8333333333333334 84.7304
1 1 1 1 1 0 0 0.7153075822603719 74.558098
0 0 0 0 0 0 1 0.6613756613756614 18.220699
0 0 0 0 1 1 1 0.49603174603174605 61.209099
0 1 1 0 0 0 0 0.5555555555555556 22.676001
0 0 0 0 1 0 0 0.4528985507246377 49.9501
1 1 1 1 0 0 0 0.6218905472636815 36.8009
0 1 1 1 1 1 0 0.4528985507246377 69.829803
0 1 1 1 0 0 0 0.7153075822603719 28.821199
0 1 0 0 0 0 0 0.49603174603174605 20.826401
1 1 1 1 1 0 0 0.49603174603174605 72.246696
0 1 1 1 1 0 0 0.6218905472636815 63.9762
0 0 0 0 0 0 1 0.4528985507246377 18.0082
0 0 0 0 1 1 1 1.0 67.749802
0 0 1 1 1 1 1 0.49603174603174605 68.316704
0 0 1 0 0 0 0 0.6218905472636815 15.1886
0 0 0 0 0 0 1 1.4992503748125936 18.310801
0 1 0 0 0 0 0 0.5241090146750524 19.416901
1 1 1 1 1 1 0 0.6218905472636815 81.352402
1 1 1 1 1 0 0 0.5868544600938967 73.377899
0 0 1 1 1 1 1 0.47619047619047616 69.046799
0 1 1 1 1 1 1 0.49603174603174605 74.231697
0 1 1 1 1 1 0 2.0 80.860703
0 0 0 0 0 0 0 1.4992503748125936 0.0
1 1 1 1 1 1 1 0.47619047619047616 84.189598
1 1 1 1 1 1 0 0.47619047619047616 81.290199
0 0 0 0 0 0 0 0.5241090146750524 0.0
0 0 0 1 1 1 0 0.7153075822603719 61.2887
0 0 0 0 0 1 0 0.6218905472636815 28.1064
0 0 0 1 1 0 0 0.5868544600938967 53.693001
0 0 1 1 0 0 0 0.4528985507246377 25.3657
0 0 0 0 1 0 0 0.5241090146750524 48.700699
0 0 0 1 1 1 1 1.0 66.177399
0 0 0 1 1 0 0 0.5868544600938967 53.974998
1 1 0 0 0 0 0 0.7153075822603719 26.4356
0 0 0 1 1 1 0 1.0 63.377701
0 0 0 0 1 1 0 0.5868544600938967 57.2346
0 0 1 1 1 0 0 0.47619047619047616 58.180599
0 1 1 1 0 0 0 0.8333333333333334 32.9044
1 1 1 1 1 1 1 0.8333333333333334 85.938797
0 0 1 1 1 1 0 1.4992503748125936 81.0326
0 1 1 1 1 1 0 0.5868544600938967 70.624802
0 0 1 1 1 0 0 0.47619047619047616 58.536098
0 0 0 1 1 1 0 1.0 62.7435
0 0 0 0 1 0 0 0.4528985507246377 49.790501
0 0 0 0 0 0 0 0.6613756613756614 0.0
0 1 1 1 1 0 0 0.8333333333333334 64.017097
0 1 1 1 1 0 0 0.6613756613756614 63.597401
0 1 1 1 1 1 1 0.4528985507246377 73.5755
0 1 0 0 0 0 0 0.5241090146750524 21.3603
0 0 0 0 0 0 0 0.49603174603174605 0.0
1 1 1 1 0 0 0 0.49603174603174605 37.175201
0 1 1 1 0 0 0 0.47619047619047616 28.044001
0 0 1 0 0 0 0 0.5241090146750524 15.5269
0 0 1 1 1 0 0 0.49603174603174605 58.6619
0 0 0 0 0 0 1 0.5868544600938967 18.625
1 1 1 1 1 1 1 1.0 85.329201
0 0 0 0 0 0 0 1.4992503748125936 0.0
0 0 0 0 0 0 0 0.6613756613756614 0.0
1 1 0 0 0 0 0 0.6613756613756614 29.3944
0 0 0 1 1 1 0 2.0 71.959297
0 0 1 0 0 0 0 1.4992503748125936 16.2202
0 1 1 1 1 1 0 0.5555555555555556 70.935303
0 0 1 1 1 1 1 0.4528985507246377 68.882401
0 1 1 0 0 0 0 0.5555555555555556 21.8522
0 0 0 1 1 0 0 0.5241090146750524 55.699902
0 0 0 0 0 1 1 0.6613756613756614 35.851002
0 0 1 1 1 0 0 0.6218905472636815 57.536999
0 0 0 0 0 0 0 1.0 0.0
1 1 1 1 1 1 1 0.5555555555555556 83.685799
1 1 0 0 0 0 0 1.0 31.1208
1 1 1 1 0 0 0 0.5555555555555556 38.287399
0 1 1 1 1 0 0 0.7153075822603719 64.233002
0 0 0 0 0 0 0 0.6218905472636815 0.0
0 1 1 1 1 1 0 0.5241090146750524 70.179901
0 0 0 0 1 1 1 0.47619047619047616 61.016899
0 0 0 0 0 0 0 0.8333333333333334 0.0
0 0 0 0 0 0 0 0.49603174603174605 0.0
0 0 0 0 0 0 0 1.0 0.0
0 1 1 1 1 0 0 1.0 64.435402
0 0 0 0 0 1 0 0.6218905472636815 27.862301
0 1 1 1 1 1 1 0.7153075822603719 72.962898
1 1 1 1 1 1 0 0.7153075822603719 80.582298
0 0 0 0 0 0 0 0.6218905472636815 0.0
0 1 0 0 0 0 0 0.5241090146750524 21.3459
0 0 0 0 0 1 1 0.5555555555555556 35.433201
0 0 0 0 1 0 0 2.0 58.0303
0 0 0 0 1 0 0 2.0 58.667301
0 0 1 0 0 0 0 1.4992503748125936 16.215099
0 0 0 0 1 0 0 0.8333333333333334 55.154099
0 0 1 1 1 1 1 1.0 68.7565
0 0 0 0 1 0 0 0.5868544600938967 50.543999
0 0 0 0 0 0 0 0.7153075822603719 0.0
0 0 0 0 1 1 0 0.5241090146750524 56.500099
1 0 0 0 0 0 0 0.47619047619047616 18.552799
0 0 0 0 0 0 1 0.4528985507246377 18.041401
0 0 1 1 1 0 0 0.6218905472636815 57.666599
0 0 1 1 0 0 0 0.5555555555555556 25.1346
0 0 0 1 1 0 0 0.5868544600938967 52.979401
0 0 1 1 1 1 0 0.5241090146750524 65.695702
1 1 1 1 1 0 0 2.0 88.408501
0 0 0 1 0 0 0 0.8333333333333334 12.0303
0 0 0 0 0 0 0 0.5241090146750524 0.0
0 0 0 0 0 0 0 0.49603174603174605 0.0
0 0 1 1 0 0 0 0.5241090146750524 25.0895
1 1 0 0 0 0 0 0.8333333333333334 27.5557
1 1 1 1 1 0 0 0.6218905472636815 73.171501
1 1 1 0 0 0 0 0.47619047619047616 33.258701
0 0 0 0 0 0 0 0.8333333333333334 0.0
0 0 1 1 1 0 0 0.5241090146750524 57.6259
0 0 0 0 0 1 1 0.49603174603174605 35.985699
1 1 0 0 0 0 0 0.47619047619047616 25.595301
1 1 1 1 0 0 0 0.7153075822603719 36.7924
1 1 0 0 0 0 0 0.49603174603174605 25.821199
0 0 0 1 1 0 0 2.0 64.781502
0 1 1 1 0 0 0 0.7153075822603719 27.380199
0 0 1 1 0 0 0 0.49603174603174605 25.134199
0 0 0 0 0 1 0 0.6613756613756614 27.7857
0 0 1 1 1 1 0 0.49603174603174605 63.890701
0 0 0 1 1 1 0 1.4992503748125936 70.063599
1 1 1 0 0 0 0 0.8333333333333334 33.3022
1 0 0 0 0 0 0 0.7153075822603719 19.389299
0 0 0 0 1 0 0 0.6613756613756614 48.7052
0 0 0 0 0 0 1 0.7153075822603719 18.259199
0 0 0 1 1 1 1 0.8333333333333334 64.822601
0 0 1 1 0 0 0 0.49603174603174605 25.1549
1 0 0 0 0 0 0 0.49603174603174605 18.532499
0 0 0 0 1 0 0 0.5868544600938967 49.708
0 0 1 1 0 0 0 0.5241090146750524 25.1957
0 0 1 1 1 1 1 2.0 82.164597
0 0 0 1 0 0 0 0.8333333333333334 12.1258
0 0 1 0 0 0 0 0.47619047619047616 15.6518
0 0 0 1 0 0 0 0.49603174603174605 12.1968
1 1 1 1 1 1 0 2.0 90.951897
0 1 0 0 0 0 0 0.47619047619047616 21.567101
1 1 1 1 1 1 0 0.5241090146750524 80.365997
0 0 1 1 1 0 0 0.5555555555555556 58.003399
0 0 0 0 0 0 0 0.5555555555555556 0.0
0 1 1 1 1 1 1 0.8333333333333334 73.759804
1 1 1 1 1 0 0 0.47619047619047616 72.235901
0 0 0 0 1 1 1 0.5868544600938967 61.429298
0 0 0 0 0 0 1 0.47619047619047616 18.049101
0 0 0 0 0 0 0 0.6613756613756614 0.0
1 1 1 1 1 1 0 0.6613756613756614 79.963203
1 1 1 1 0 0 0 0.7153075822603719 38.820599
0 1 1 1 0 0 0 0.49603174603174605 27.2953
0 0 0 1 1 0 0 0.7153075822603719 54.170601
0 0 0 0 1 0 0 0.5555555555555556 49.9478
0 0 0 0 1 1 1 0.5868544600938967 60.885899
0 0 0 0 0 1 1 0.5241090146750524 35.498901
0 0 0 0 1 1 1 0.47619047619047616 61.516998
0 0 1 1 0 0 0 1.0 25.117599
0 0 0 0 1 1 1 0.6218905472636815 60.637299
1 0 0 0 0 0 0 1.4992503748125936 24.7108
0 1 1 1 1 1 0 2.0 79.672302
0 0 0 0 1 1 0 0.6613756613756614 58.4827
0 0 1 0 0 0 0 0.5241090146750524 15.4952
0 1 0 0 0 0 0 0.5241090146750524 18.951
0 0 1 1 1 1 0 0.6613756613756614 66.427399
1 1 1 1 1 1 0 0.4528985507246377 80.800697
1 1 1 1 1 1 0 0.5555555555555556 79.413002
1 1 1 1 1 1 0 0.7153075822603719 81.679901
0 0 0 0 0 0 0 1.0 0.0
0 0 0 0 0 0 0 0.8333333333333334 0.0
1 1 1 1 1 1 1 0.5241090146750524 82.585503
1 0 0 0 0 0 0 0.5241090146750524 18.7048
0 1 0 0 0 0 0 0.4528985507246377 19.6432
0 0 1 1 1 1 0 0.4528985507246377 65.976196
0 0 0 0 1 1 0 0.5555555555555556 57.113701
1 1 1 1 1 1 0 0.5555555555555556 81.225601
0 1 1 1 1 1 1 0.5868544600938967 75.541603
1 1 1 1 1 0 0 0.5555555555555556 73.970703
1 1 1 1 1 1 1 0.4528985507246377 83.988197
0 0 0 0 0 0 0 2.0 0.0
0 0 1 1 1 1 1 0.47619047619047616 67.1101
0 0 0 0 1 0 0 1.0 54.897598
0 1 0 0 0 0 0 0.5241090146750524 18.8519
0 1 1 1 0 0 0 0.5555555555555556 26.4512
0 0 0 0 1 1 1 0.5241090146750524 61.368599
0 0 0 0 0 0 1 2.0 18.7083
0 0 0 0 1 1 0 0.49603174603174605 58.9286
0 0 0 0 0 1 1 0.7153075822603719 35.822701
0 0 1 1 1 1 0 0.6218905472636815 65.9216
0 1 1 1 1 1 1 0.6613756613756614 72.9711
0 0 0 0 0 0 0 0.5868544600938967 0.0
0 0 1 1 1 1 1 1.0 69.410004
0 1 1 1 1 0 0 1.4992503748125936 69.2089
0 0 1 0 0 0 0 1.4992503748125936 16.181601
0 0 0 0 0 0 1 1.4992503748125936 18.455601
0 1 1 1 1 1 0 0.5241090146750524 70.224403
0 0 0 1 1 0 0 1.0 60.814602
0 0 0 0 0 1 0 0.7153075822603719 28.006201
0 0 0 0 0 0 1 0.7153075822603719 18.077801
0 0 0 0 0 0 0 0.49603174603174605 0.0
0 0 0 0 0 0 0 0.47619047619047616 0.0
0 1 1 1 1 1 1 0.47619047619047616 71.112801
1 1 1 0 0 0 0 0.8333333333333334 34.923401
0 0 0 0 0 0 0 2.0 0.0
0 0 0 0 0 0 0 1.4992503748125936 0.0
0 0 0 0 0 0 0 0.5555555555555556 0.0
0 0 0 0 0 0 0 0.8333333333333334 0.0
0 0 0 0 1 1 0 0.49603174603174605 59.255299
0 0 0 1 1 1 1 0.5241090146750524 64.373398
1 1 1 1 1 1 0 0.6218905472636815 81.915497
0 1 0 0 0 0 0 0.49603174603174605 21.0124
1 1 1 1 1 1 0 0.5555555555555556 82.135902
1 0 0 0 0 0 0 0.6613756613756614 19.387899
1 1 1 1 1 1 1 0.8333333333333334 83.250801
0 0 1 1 0 0 0 0.5868544600938967 24.849199
1 1 1 1 1 0 0 0.5555555555555556 73.473198
0 0 0 0 1 1 0 0.47619047619047616 58.7957
1 1 1 1 0 0 0 2.0 53.015598
0 0 0 0 0 0 0 0.5555555555555556 0.0
0 1 0 0 0 0 0 0.8333333333333334 18.7386
0 1 0 0 0 0 0 0.4528985507246377 19.2495
0 1 0 0 0 0 0 0.8333333333333334 18.4755
0 0 0 0 0 0 0 0.6613756613756614 0.0
0 0 0 0 0 0 0 1.4992503748125936 0.0
0 0 0 0 0 0 0 0.7153075822603719 0.0
1 1 1 1 1 1 1 1.0 86.114899
0 0 1 1 1 0 0 0.5868544600938967 57.4879
0 0 0 0 1 1 0 0.47619047619047616 59.746601
0 0 0 0 1 0 0 1.4992503748125936 53.704498
0 0 0 0 0 0 0 0.47619047619047616 0.0
0 0 1 1 0 0 0 0.6218905472636815 24.493099
0 1 1 1 1 1 0 0.7153075822603719 71.851196
0 1 1 1 1 1 0 0.8333333333333334 72.096298
0 0 0 1 1 0 0 0.5241090146750524 53.8806
1 1 1 1 1 1 1 0.7153075822603719 84.276001
0 0 0 1 0 0 0 0.5555555555555556 12.1388
0 0 0 0 0 0 0 0.49603174603174605 0.0
0 0 0 0 0 1 1 0.6218905472636815 35.573002
0 1 0 0 0 0 0 1.4992503748125936 21.7715
0 1 1 0 0 0 0 0.47619047619047616 23.899599
0 0 0 0 0 0 0 0.6613756613756614 0.0
0 1 0 0 0 0 0 0.6613756613756614 19.908001
0 0 0 0 0 0 0 0.5868544600938967 0.0
0 1 1 1 0 0 0 0.5555555555555556 26.501801
0 0 1 1 0 0 0 1.4992503748125936 26.292601
0 1 1 1 1 1 1 0.7153075822603719 73.679398
0 1 0 0 0 0 0 2.0 21.6595
0 0 1 1 1 1 0 0.5868544600938967 66.083397
0 0 0 0 0 1 1 0.6613756613756614 35.908001
1 0 0 0 0 0 0 2.0 34.207401
0 1 1 1 1 0 0 1.0 64.052696
1 1 1 1 1 1 0 0.49603174603174605 81.727402
1 1 1 1 1 0 0 0.7153075822603719 75.1409
1 1 1 1 1 0 0 0.7153075822603719 74.6147
0 0 1 1 1 1 0 0.6613756613756614 66.550499
0 0 0 0 0 0 0 0.49603174603174605 0.0
0 1 1 1 1 1 1 0.6613756613756614 71.913002
1 0 0 0 0 0 0 0.5555555555555556 18.952801
0 0 0 0 0 0 0 0.6218905472636815 0.0
0 0 0 1 1 1 0 1.0 61.7397
1 1 1 1 0 0 0 0.7153075822603719 37.7523
0 0 0 1 1 1 0 1.4992503748125936 69.824699
0 0 0 0 0 0 0 0.5555555555555556 0.0
0 0 0 0 0 0 1 0.4528985507246377 18.0277
0 0 0 1 1 0 0 0.7153075822603719 54.689098
0 0 0 1 1 0 0 0.5868544600938967 54.260502
1 0 0 0 0 0 0 0.5241090146750524 18.2887
0 0 0 1 1 1 0 0.7153075822603719 61.494499
0 0 0 0 0 1 1 0.5868544600938967 35.9459
1 0 0 0 0 0 0 0.5868544600938967 19.1593
0 0 0 0 0 0 1 0.5241090146750524 18.0839
0 1 1 1 1 0 0 0.5555555555555556 63.594002
0 0 0 0 0 1 1 1.0 35.748199
1 1 1 0 0 0 0 2.0 46.418499
1 1 1 1 1 1 0 0.8333333333333334 80.933197
1 1 1 1 0 0 0 0.49603174603174605 37.321098
0 0 0 0 0 1 1 0.6613756613756614 35.322601
1 1 0 0 0 0 0 0.4528985507246377 27.850599
0 0 0 0 0 0 0 1.4992503748125936 0.0
0 0 1 0 0 0 0 0.7153075822603719 15.0986
1 1 1 0 0 0 0 0.8333333333333334 34.5271
0 1 1 1 1 1 0 0.8333333333333334 70.668297
0 0 0 0 1 1 1 0.5555555555555556 61.125702
0 1 1 1 1 1 1 2.0 84.419502
1 1 1 1 1 0 0 1.0 76.494202
0 0 0 0 0 0 1 1.0 18.0917
0 0 0 0 0 1 1 0.5555555555555556 35.089802
0 1 1 1 1 0 0 0.6613756613756614 64.3097
0 1 1 1 1 0 0 0.7153075822603719 64.197098
0 0 0 0 1 1 1 2.0 70.766197
0 0 0 1 1 0 0 0.8333333333333334 55.017601
0 1 1 1 1 1 0 0.47619047619047616 71.623497
0 1 1 1 1 1 0 0.5555555555555556 70.125298
1 1 1 1 1 1 1 1.4992503748125936 89.497398
0 0 1 1 0 0 0 0.7153075822603719 24.729401
1 1 1 1 1 1 1 0.49603174603174605 81.083
0 1 1 0 0 0 0 0.7153075822603719 27.5404
1 1 1 0 0 0 0 0.5868544600938967 33.835899
1 0 0 0 0 0 0 1.0 21.225401
0 0 0 1 1 0 0 0.47619047619047616 53.306099
0 0 0 0 1 1 0 0.5555555555555556 57.6175
0 0 0 1 0 0 0 1.4992503748125936 13.0876
0 0 0 0 0 1 0 0.5241090146750524 27.657101
0 0 0 0 0 1 1 0.6613756613756614 35.737499
0 0 1 1 0 0 0 0.7153075822603719 24.674601
0 0 0 1 1 1 1 0.8333333333333334 64.714996
0 0 0 0 1 0 0 1.0 51.122601
0 1 1 1 0 0 0 0.5555555555555556 26.021099
1 0 0 0 0 0 0 0.5241090146750524 18.4254
0 0 0 1 0 0 0 0.5241090146750524 12.0054
0 1 0 0 0 0 0 2.0 19.9086
0 0 0 0 0 0 0 0.49603174603174605 0.0
0 0 0 0 1 0 0 1.4992503748125936 58.800301
0 0 0 0 1 1 1 0.6218905472636815 61.8214
1 1 1 1 0 0 0 0.5555555555555556 38.2243
1 1 1 1 1 1 0 0.6218905472636815 79.572304
0 0 0 0 0 0 0 0.49603174603174605 0.0
0 0 0 0 0 0 0 0.5555555555555556 0.0
0 0 0 0 1 0 0 0.5868544600938967 50.573799
0 0 0 0 0 0 0 0.4528985507246377 0.0
0 0 1 1 1 1 1 0.49603174603174605 68.955704
0 0 0 1 1 0 0 2.0 64.413696
0 1 1 0 0 0 0 2.0 34.253502
0 1 1 1 0 0 0 1.4992503748125936 42.780602
0 1 1 0 0 0 0 0.6218905472636815 20.783899
1 1 1 1 0 0 0 0.4528985507246377 35.668301
0 1 1 1 1 0 0 2.0 82.6353
1 1 1 1 1 1 1 0.6613756613756614 82.6679
0 0 0 0 0 0 1 0.7153075822603719 18.109301
0 0 0 1 0 0 0 0.49603174603174605 12.1365
1 1 1 1 1 1 0 0.49603174603174605 78.957901
0 0 0 1 0 0 0 0.7153075822603719 12.2932
0 1 1 1 1 0 0 0.5868544600938967 62.594002
0 1 1 1 0 0 0 0.6218905472636815 26.429501
0 0 0 0 0 0 1 1.0 18.2118
0 0 0 0 0 0 1 0.6218905472636815 18.180901
0 0 0 0 0 1 0 0.5868544600938967 27.596001
1 0 0 0 0 0 0 0.5868544600938967 19.2962
0 0 0 0 0 0 0 0.4528985507246377 0.0
0 0 0 1 0 0 0 0.8333333333333334 12.0583
0 0 1 1 0 0 0 1.4992503748125936 26.431299
0 0 0 0 1 1 0 0.6613756613756614 58.410099
0 0 0 1 0 0 0 0.6613756613756614 12.2305
0 0 0 1 0 0 0 0.7153075822603719 12.0415
1 1 1 1 0 0 0 0.6613756613756614 36.993999
0 0 0 0 0 1 0 0.8333333333333334 27.680799
0 0 0 1 1 1 1 2.0 73.387802
0 0 1 1 1 1 0 0.4528985507246377 66.211304
1 1 1 1 0 0 0 2.0 51.9319
0 0 0 0 0 0 0 0.49603174603174605 0.0
1 1 0 0 0 0 0 0.5241090146750524 26.0285
1 1 1 1 1 0 0 0.7153075822603719 73.233299
0 0 0 0 0 0 0 1.4992503748125936 0.0
0 0 0 0 0 0 0 0.4528985507246377 0.0
0 0 0 0 0 1 0 0.7153075822603719 27.310101
1 1 1 1 0 0 0 0.7153075822603719 37.098099
1 1 1 1 0 0 0 0.49603174603174605 35.597099
0 0 0 0 1 1 1 1.0 68.340797
0 0 0 0 0 0 0 1.0 0.0
1 0 0 0 0 0 0 0.47619047619047616 19.812099
1 1 1 1 0 0 0 0.6218905472636815 37.806999
0 0 0 1 1 1 1 0.6613756613756614 65.065002
1 1 1 1 0 0 0 1.0 40.747799
0 0 0 0 1 0 0 0.47619047619047616 49.111401
1 1 1 1 1 0 0 1.0 76.252098
1 1 1 1 1 1 1 0.5555555555555556 83.514297
0 1 1 1 1 1 0 0.5555555555555556 69.686302
0 1 1 1 1 1 0 1.0 72.679001
0 1 1 1 1 0 0 0.4528985507246377 63.390499
0 0 0 0 0 0 0 1.0 0.0
0 0 0 1 1 0 0 1.4992503748125936 69.796097
1 1 1 1 1 1 0 0.5555555555555556 82.312897
0 0 1 1 1 1 1 0.5555555555555556 68.550697
0 0 1 0 0 0 0 0.6218905472636815 15.1968
0 0 1 1 1 0 0 0.6613756613756614 58.134399
0 0 0 0 1 1 1 0.5241090146750524 61.582802
0 0 1 1 1 1 0 0.5555555555555556 65.654198
0 0 0 0 0 0 0 0.49603174603174605 0.0
0 0 0 0 0 0 0 0.5241090146750524 0.0
0 0 0 0 0 0 0 0.47619047619047616 0.0
1 1 1 1 1 0 0 0.8333333333333334 74.524597
1 1 1 1 0 0 0 0.5868544600938967 36.229401
0 1 1 1 1 0 0 0.6613756613756614 63.719601
0 0 1 1 1 0 0 0.5555555555555556 58.135502
1 1 0 0 0 0 0 1.0 28.8307
0 0 0 0 1 0 0 0.6613756613756614 49.482399
0 0 1 0 0 0 0 0.8333333333333334 15.0949
0 0 1 1 1 1 0 0.5555555555555556 65.835899
0 1 0 0 0 0 0 1.0 20.6236
0 1 1 1 1 1 1 0.5868544600938967 72.643097
1 1 1 0 0 0 0 1.4992503748125936 41.510799
1 1 1 1 1 0 0 0.6613756613756614 72.932503
0 0 1 0 0 0 0 0.4528985507246377 15.5316
1 0 0 0 0 0 0 0.8333333333333334 20.197201
1 1 1 1 0 0 0 0.5241090146750524 36.286598
0 1 0 0 0 0 0 0.7153075822603719 18.6015
0 1 1 0 0 0 0 0.49603174603174605 20.0133
0 0 0 0 0 0 0 0.6613756613756614 0.0
0 0 0 1 1 1 1 0.5241090146750524 64.396202
0 0 0 1 1 1 1 1.0 65.775597
0 0 0 0 1 1 0 2.0 72.830101
0 0 1 1 1 1 0 1.4992503748125936 81.066498
0 0 0 0 0 0 0 0.8333333333333334 0.0
0 0 0 1 0 0 0 0.49603174603174605 12.1854
0 0 0 0 1 0 0 0.7153075822603719 48.952702
0 0 0 0 0 1 1 0.47619047619047616 35.563801
0 0 0 1 1 1 0 0.6613756613756614 62.191898
0 0 0 0 0 1 0 1.4992503748125936 28.1553
1 1 0 0 0 0 0 0.49603174603174605 26.682301
0 0 1 1 0 0 0 0.49603174603174605 25.100599
0 0 0 0 0 0 0 2.0 0.0
0 0 1 1 0 0 0 0.5241090146750524 24.992201
0 1 1 1 1 0 0 0.6613756613756614 63.439201
0 1 1 1 0 0 0 0.6613756613756614 26.9324
1 1 1 1 1 0 0 0.47619047619047616 73.1689
0 0 0 0 0 1 1 2.0 36.371101
1 1 1 0 0 0 0 0.47619047619047616 31.911501
0 0 1 1 1 1 1 0.8333333333333334 68.875198
0 0 0 0 0 0 0 0.4528985507246377 0.0
0 0 0 1 1 0 0 0.6218905472636815 53.130901
0 1 1 1 1 1 1 0.5868544600938967 74.857002
1 1 1 1 1 0 0 0.4528985507246377 72.0056
1 1 1 1 1 0 0 0.5241090146750524 73.436798
0 1 1 1 1 1 1 0.8333333333333334 73.8237
0 0 1 1 0 0 0 0.4528985507246377 25.2227
0 1 1 1 0 0 0 1.0 36.516899
0 0 0 0 0 0 0 0.7153075822603719 0.0
0 0 0 0 1 1 1 2.0 72.310501
0 0 0 1 1 0 0 0.5555555555555556 54.337799
0 0 0 1 1 0 0 0.4528985507246377 53.272099
0 0 1 1 1 0 0 0.5555555555555556 57.693001
0 0 0 1 1 1 0 0.7153075822603719 61.659199
1 1 1 1 1 1 0 0.6613756613756614 81.153702
1 1 1 1 1 0 0 0.5868544600938967 73.8741
1 1 1 0 0 0 0 0.49603174603174605 31.747
0 0 0 1 1 1 1 1.0 65.368401
1 1 1 1 1 0 0 1.0 76.378403
1 1 0 0 0 0 0 1.0 28.630899
0 0 0 1 1 1 1 0.49603174603174605 64.469299
0 1 1 1 1 0 0 1.0 64.284698
1 0 0 0 0 0 0 0.7153075822603719 19.745501
0 0 0 1 1 1 0 0.8333333333333334 63.657299
0 0 0 0 0 0 0 0.4528985507246377 0.0
0 1 1 1 1 0 0 0.5868544600938967 63.206799
0 0 1 1 1 1 1 2.0 82.009903
1 0 0 0 0 0 0 0.8333333333333334 20.538601
0 1 0 0 0 0 0 0.49603174603174605 21.0009
0 0 0 1 1 1 1 0.5241090146750524 65.136803
1 1 1 1 1 0 0 0.47619047619047616 72.986198
1 1 1 1 1 1 0 0.4528985507246377 79.983597
0 0 0 1 1 0 0 0.49603174603174605 53.331902
1 1 1 1 0 0 0 0.6218905472636815 36.5811
0 0 0 0 1 1 0 0.5241090146750524 58.208
0 0 0 0 0 1 1 0.5868544600938967 35.7519
1 1 1 1 1 1 1 0.5868544600938967 81.420097
1 1 1 0 0 0 0 2.0 47.287701
1 0 0 0 0 0 0 0.4528985507246377 18.527201
1 1 1 1 0 0 0 0.49603174603174605 36.873001
0 0 0 1 1 1 1 0.4528985507246377 64.423897
1 1 1 1 0 0 0 0.7153075822603719 37.814999
0 0 0 0 0 0 0 2.0 0.0
0 0 0 0 0 0 0 0.5555555555555556 0.0
0 1 1 1 1 1 1 0.8333333333333334 73.649498
0 0 0 0 1 1 1 0.47619047619047616 60.8596
1 1 1 1 1 1 1 2.0 93.622704
0 0 0 1 1 0 0 0.7153075822603719 54.5826
1 0 0 0 0 0 0 0.47619047619047616 18.5275
0 0 0 0 1 0 0 0.6613756613756614 49.5942
0 0 0 0 1 1 0 2.0 68.795998
0 0 1 0 0 0 0 0.8333333333333334 15.2158
0 0 0 1 1 0 0 0.8333333333333334 52.7388
0 0 1 1 0 0 0 1.4992503748125936 26.509501
0 0 0 0 0 0 0 0.5868544600938967 0.0
0 0 0 1 1 1 0 0.47619047619047616 62.4193
1 1 1 1 0 0 0 0.47619047619047616 37.2374
0 0 0 0 0 0 0 0.6218905472636815 0.0
0 0 0 0 0 0 0 0.5555555555555556 0.0
0 0 0 1 1 0 0 0.6613756613756614 52.762299
0 1 0 0 0 0 0 0.6613756613756614 18.785601
0 0 1 1 0 0 0 0.4528985507246377 25.144199
0 1 1 0 0 0 0 2.0 34.1082
1 1 1 1 0 0 0 1.0 39.6576
0 0 0 0 0 0 0 0.7153075822603719 0.0
0 1 1 1 0 0 0 0.47619047619047616 25.7999
0 0 1 1 1 1 1 1.0 69.155296
1 1 1 1 0 0 0 0.49603174603174605 37.500599
0 0 0 0 0 0 0 0.5868544600938967 0.0
0 0 1 0 0 0 0 0.7153075822603719 15.1464
0 0 0 1 1 0 0 0.5868544600938967 53.422001
0 0 1 1 1 0 0 2.0 72.778397
0 0 0 0 0 0 0 0.5555555555555556 0.0
0 1 1 0 0 0 0 0.6218905472636815 20.854799
0 1 1 1 1 0 0 0.8333333333333334 64.411102
0 0 0 0 0 1 0 0.5555555555555556 28.2292
0 0 1 1 1 1 1 1.0 69.8284
0 0 0 0 1 1 1 0.47619047619047616 61.633598
0 0 0 1 0 0 0 0.5868544600938967 12.11
1 1 1 1 1 0 0 0.7153075822603719 73.491898
0 0 0 0 0 0 0 0.7153075822603719 0.0
0 0 1 0 0 0 0 0.47619047619047616 15.5395
0 0 0 0 0 0 1 0.6218905472636815 18.119801
0 0 0 0 1 1 0 0.47619047619047616 58.9086
0 1 1 1 1 1 1 0.47619047619047616 72.293404
1 1 1 1 1 1 0 0.8333333333333334 83.227303
0 0 0 1 1 0 0 2.0 65.813499
0 0 0 1 1 1 0 0.7153075822603719 61.903
0 0 0 0 0 1 0 0.6218905472636815 28.2241
0 1 0 0 0 0 0 1.0 18.951
1 1 1 1 1 1 1 0.6218905472636815 82.879402
1 1 1 1 1 0 0 0.5555555555555556 73.286903
0 0 0 0 0 0 1 0.5555555555555556 18.2206
0 1 1 1 1 1 0 0.5241090146750524 69.680397
0 0 1 1 1 1 1 0.47619047619047616 68.6064
0 0 1 1 1 0 0 0.4528985507246377 58.086102
0 1 1 1 0 0 0 0.7153075822603719 27.3088
1 1 1 1 1 1 0 0.8333333333333334 82.829697
0 0 0 0 0 0 0 0.7153075822603719 0.0
0 1 1 1 1 1 1 0.5555555555555556 72.976196
0 0 0 0 0 0 0 0.5868544600938967 0.0
1 1 0 0 0 0 0 1.4992503748125936 32.493999
0 0 1 1 1 0 0 0.6613756613756614 57.731201
0 0 1 1 1 0 0 0.6218905472636815 58.1632
1 1 1 1 1 1 0 1.0 84.009804
1 1 0 0 0 0 0 1.0 30.224199
0 0 1 1 0 0 0 0.5241090146750524 25.075199
0 0 0 0 0 1 0 0.6218905472636815 27.886
0 0 0 1 1 0 0 0.6218905472636815 53.082298
0 0 0 1 1 1 0 0.5555555555555556 62.036701
0 0 1 1 1 0 0 2.0 71.822701
0 0 1 1 0 0 0 0.8333333333333334 24.8627
1 1 0 0 0 0 0 0.7153075822603719 26.3223
1 1 1 0 0 0 0 0.4528985507246377 31.355801
0 0 0 0 1 0 0 0.5868544600938967 50.5467
0 0 0 1 1 1 0 1.0 62.2192
0 1 0 0 0 0 0 2.0 20.372999
0 0 0 0 0 0 0 1.4992503748125936 0.0
1 1 1 1 1 1 0 0.49603174603174605 80.190598
0 0 0 1 1 0 0 1.0 60.5047
0 0 1 1 1 0 0 1.0 59.995899
0 1 0 0 0 0 0 0.4528985507246377 19.1658
0 0 0 0 1 1 0 0.5555555555555556 56.6124
0 0 1 1 1 1 0 2.0 77.4132
1 1 0 0 0 0 0 0.49603174603174605 26.221901
0 0 0 0 0 0 1 0.5868544600938967 18.194201
1 1 1 0 0 0 0 0.4528985507246377 31.860701
1 1 1 1 0 0 0 0.8333333333333334 38.0201
1 1 1 1 1 1 0 0.8333333333333334 82.533302
0 0 1 0 0 0 0 1.4992503748125936 16.241699
0 0 0 0 0 0 0 0.5868544600938967 0.0
0 0 0 0 0 1 0 0.7153075822603719 27.5807
0 0 0 1 1 1 1 0.5868544600938967 64.194
0 1 0 0 0 0 0 0.7153075822603719 19.1057
0 0 1 1 0 0 0 0.6613756613756614 24.7707
0 0 0 0 0 0 0 0.47619047619047616 0.0
0 0 0 0 0 0 1 1.4992503748125936 18.4827
0 0 0 1 1 0 0 0.4528985507246377 53.0858
0 0 0 1 1 0 0 2.0 69.810699
0 1 1 0 0 0 0 0.5241090146750524 26.020901
0 0 0 1 1 1 0 0.8333333333333334 64.274498
0 1 1 1 0 0 0 1.0 36.410702
1 1 1 1 0 0 0 0.5555555555555556 35.978298
0 0 0 0 0 0 0 0.5241090146750524 0.0
0 0 0 0 0 0 0 0.5555555555555556 0.0
0 0 0 1 1 1 0 0.6613756613756614 61.052898
0 0 1 1 1 1 1 1.0 69.093201
0 0 1 1 0 0 0 0.6218905472636815 24.66
0 0 1 1 1 1 1 0.5555555555555556 68.554298
0 0 0 1 0 0 0 0.6218905472636815 12.0426
0 1 1 1 0 0 0 1.4992503748125936 43.345901
0 1 1 1 1 1 1 0.5241090146750524 72.278397
0 0 0 0 0 1 1 0.7153075822603719 35.7449
1 1 1 1 0 0 0 1.0 40.896999
0 0 0 0 0 1 1 0.6613756613756614 35.551701
0 1 1 1 0 0 0 1.4992503748125936 43.266102
0 0 0 1 1 1 0 0.4528985507246377 63.180099
0 1 1 1 1 1 1 0.5241090146750524 73.7024
0 0 1 0 0 0 0 0.5555555555555556 15.4532
0 0 0 0 0 1 1 0.5868544600938967 35.313301
0 0 1 1 0 0 0 1.4992503748125936 26.6777
1 1 0 0 0 0 0 1.4992503748125936 32.467999
0 0 0 0 0 1 1 0.6218905472636815 35.389999
0 0 0 0 1 1 0 2.0 72.682404
0 0 1 0 0 0 0 0.4528985507246377 15.5374
0 0 0 0 1 1 0 2.0 71.8228
0 1 1 1 0 0 0 1.4992503748125936 43.0103
0 0 0 1 0 0 0 2.0 14.3959
1 1 1 1 1 1 1 0.5555555555555556 82.589996
1 1 1 1 1 1 1 0.6613756613756614 84.755898
0 0 0 0 0 0 1 0.4528985507246377 18.0965
0 0 1 1 1 1 0 0.7153075822603719 66.063599
0 1 1 1 1 0 0 0.5241090146750524 63.249802
0 0 0 0 0 0 0 0.6613756613756614 0.0
0 0 0 1 1 1 0 0.4528985507246377 63.2915
0 0 0 0 0 0 0 0.7153075822603719 0.0
0 0 1 1 1 1 1 0.7153075822603719 69.171501
0 0 0 0 0 0 0 0.5555555555555556 0.0
0 0 0 0 1 1 0 0.6613756613756614 60.334801
0 0 0 0 1 1 0 0.4528985507246377 59.572399
0 0 0 0 0 1 0 1.4992503748125936 28.081301
0 0 0 1 0 0 0 0.47619047619047616 11.9986
0 1 1 1 1 1 0 0.6613756613756614 68.915703
1 1 1 1 1 1 0 0.5868544600938967 81.4599
1 1 1 1 1 0 0 0.8333333333333334 74.666702
0 0 0 0 0 0 0 0.7153075822603719 0.0
1 1 0 0 0 0 0 0.5868544600938967 25.900999
0 0 0 0 1 0 0 0.7153075822603719 48.474998
0 0 1 1 1 1 1 1.0 68.785698
0 0 1 1 1 1 1 0.5868544600938967 68.588402
0 0 0 0 0 0 0 1.0 0.0
0 0 0 0 0 0 0 0.6218905472636815 0.0
0 0 0 1 1 0 0 0.4528985507246377 53.464199
0 0 0 1 1 1 0 0.5241090146750524 61.3228
0 0 0 0 0 0 1 0.5868544600938967 18.064301
1 1 1 0 0 0 0 2.0 45.530499
0 0 0 0 0 0 0 0.6613756613756614 0.0
0 0 1 1 1 1 0 0.8333333333333334 66.462097
1 1 0 0 0 0 0 0.8333333333333334 27.1849
0 0 0 0 0 0 1 0.47619047619047616 18.0187
0 1 1 1 0 0 0 0.47619047619047616 26.2689
0 0 1 1 1 1 1 0.5241090146750524 68.8769
0 0 0 0 0 0 0 0.47619047619047616 0.0
1 0 0 0 0 0 0 1.0 21.3249
0 0 0 0 0 0 1 0.49603174603174605 18.0762
1 1 1 1 1 0 0 0.6218905472636815 72.777603
0 0 0 0 0 0 0 0.4528985507246377 0.0
1 1 1 1 1 1 1 0.7153075822603719 83.181099
0 0 1 0 0 0 0 0.49603174603174605 15.6894
1 1 1 1 1 0 0 1.0 76.313499
0 0 0 0 0 0 0 0.47619047619047616 0.0
0 1 1 1 0 0 0 2.0 44.9641
0 0 1 1 1 0 0 0.5868544600938967 58.846401
0 0 1 1 1 0 0 0.5868544600938967 58.404499
0 0 0 0 0 1 1 2.0 36.4949
0 0 0 0 0 0 0 1.0 0.0
0 0 0 1 0 0 0 1.0 12.182
0 0 0 1 0 0 0 0.49603174603174605 11.9943
1 1 1 1 0 0 0 0.6218905472636815 36.5574
0 0 0 0 1 0 0 0.6613756613756614 48.7556
0 1 0 0 0 0 0 0.49603174603174605 18.8125
0 0 0 0 0 0 1 0.5241090146750524 18.045601
0 0 0 0 0 1 0 0.6218905472636815 27.763201
0 1 1 1 1 1 0 0.4528985507246377 69.829803
0 0 0 1 1 0 0 0.5241090146750524 53.551201
0 0 0 0 0 0 1 0.49603174603174605 18.1327
1 1 1 1 1 1 1 1.4992503748125936 88.9925
0 0 0 1 0 0 0 0.47619047619047616 12.2903
0 0 0 0 0 0 1 0.6218905472636815 18.2122
0 0 0 0 0 0 0 0.4528985507246377 0.0
0 1 1 1 0 0 0 0.5555555555555556 26.637899
0 0 1 1 1 1 1 0.7153075822603719 69.397301
0 0 1 1 1 0 0 0.5868544600938967 58.117001
0 0 0 0 0 1 1 0.5555555555555556 36.0019
0 1 1 1 1 1 0 0.6613756613756614 70.822701
0 0 0 0 0 1 0 0.5868544600938967 28.0224
0 0 0 0 1 0 0 0.49603174603174605 50.002701
0 1 0 0 0 0 0 0.49603174603174605 19.107201
0 0 0 1 1 0 0 0.4528985507246377 53.200699
0 0 0 0 0 0 0 0.7153075822603719 0.0
0 0 1 1 1 0 0 1.0 60.611698
0 0 1 1 0 0 0 1.4992503748125936 26.375299
0 0 0 1 1 1 0 0.6218905472636815 63.089699
1 1 1 1 0 0 0 0.5868544600938967 36.239799
0 0 0 0 0 0 0 2.0 0.0
0 1 1 1 1 1 0 0.8333333333333334 71.4198
0 0 0 0 0 1 0 0.6613756613756614 28.118999
0 0 1 1 0 0 0 0.4528985507246377 25.201799
0 0 0 0 0 0 0 0.5241090146750524 0.0
0 0 0 1 1 1 1 1.0 65.750099
0 0 0 0 1 0 0 0.47619047619047616 49.453999
0 0 0 0 0 0 0 0.8333333333333334 0.0
1 0 0 0 0 0 0 0.4528985507246377 18.593201
0 1 1 1 1 0 0 0.8333333333333334 63.4207
1 1 1 0 0 0 0 0.5868544600938967 32.427399
0 0 0 0 1 0 0 0.5555555555555556 49.5023
0 0 0 0 1 1 0 0.8333333333333334 58.951
0 0 0 1 0 0 0 0.6218905472636815 11.9686
1 0 0 0 0 0 0 0.5868544600938967 18.370199
0 0 0 0 0 0 0 0.6218905472636815 0.0
0 0 0 0 0 1 1 1.4992503748125936 35.523499
1 1 1 1 0 0 0 0.6613756613756614 37.7439
0 0 0 0 0 0 0 0.47619047619047616 0.0
0 0 0 0 0 1 0 0.5241090146750524 27.694099
0 1 1 1 1 1 1 0.8333333333333334 73.456802
1 1 1 1 0 0 0 0.5241090146750524 37.727299
0 1 1 1 1 1 0 0.7153075822603719 71.090698
1 1 1 0 0 0 0 0.5555555555555556 32.014
0 0 0 0 1 1 1 2.0 69.384399
0 0 0 0 0 0 0 2.0 0.0
0 0 0 0 0 0 1 0.5241090146750524 18.104401
0 0 0 0 0 1 1 0.5868544600938967 35.460701
0 1 1 1 1 1 0 0.6218905472636815 70.294701
0 1 1 1 1 1 1 0.5555555555555556 73.088501
1 1 1 1 1 0 0 0.5241090146750524 73.368202
1 1 1 1 1 1 0 0.7153075822603719 82.471497
0 0 1 1 1 1 1 0.8333333333333334 69.699699
0 0 0 0 1 1 0 0.5868544600938967 56.169498
0 1 1 1 1 0 0 0.5241090146750524 63.170101
1 0 0 0 0 0 0 0.4528985507246377 18.271601
0 0 1 1 0 0 0 0.6613756613756614 24.7167
1 1 1 0 0 0 0 0.7153075822603719 32.084301
1 1 1 1 1 1 0 0.8333333333333334 81.487099
0 0 1 1 0 0 0 0.8333333333333334 24.948299
0 1 1 0 0 0 0 0.47619047619047616 22.2278
0 1 1 0 0 0 0 0.5241090146750524 21.829201
0 0 0 0 1 1 1 0.5241090146750524 61.5495
1 1 0 0 0 0 0 2.0 39.357201
0 0 0 0 1 1 0 1.4992503748125936 70.594299
0 0 0 0 0 0 0 0.49603174603174605 0.0
0 0 1 1 0 0 0 0.5555555555555556 25.0882
0 0 0 0 0 0 0 0.7153075822603719 0.0
0 1 0 0 0 0 0 1.0 19.3256
0 0 0 0 1 1 0 0.8333333333333334 57.9086
0 0 0 0 0 0 0 2.0 0.0
0 0 1 1 1 1 0 0.6218905472636815 65.762299
0 0 0 0 0 1 0 0.49603174603174605 27.924999
0 0 0 0 0 0 0 0.5555555555555556 0.0
0 0 0 0 1 1 0 0.6613756613756614 59.5294
0 0 1 1 1 0 0 0.5241090146750524 58.235199
0 0 0 0 0 0 0 0.47619047619047616 0.0
1 1 1 1 0 0 0 0.49603174603174605 35.891602
0 0 0 0 1 1 1 0.8333333333333334 61.5639
0 0 0 0 0 0 0 0.5241090146750524 0.0
0 0 0 0 0 1 0 0.7153075822603719 27.357
1 1 1 1 1 1 0 0.7153075822603719 80.549103
0 0 0 1 0 0 0 0.5241090146750524 12.0918
0 1 1 1 1 0 0 0.8333333333333334 63.389198
1 1 1 1 1 0 0 0.47619047619047616 72.342598
1 1 1 1 1 1 1 0.5868544600938967 85.701897
0 0 0 0 1 1 1 1.0 68.720802
0 0 0 0 0 1 0 0.5555555555555556 27.8407
0 1 0 0 0 0 0 0.5555555555555556 19.1008
0 1 1 1 1 1 0 0.5555555555555556 69.945
0 0 1 1 1 1 0 0.47619047619047616 67.792297
0 0 0 1 1 0 0 0.6613756613756614 52.824001
0 0 0 1 1 0 0 0.6218905472636815 53.154598
0 0 1 1 0 0 0 0.47619047619047616 25.0567
0 0 0 0 0 0 0 2.0 0.0
0 0 1 1 1 0 0 1.0 60.982899
0 0 0 1 1 1 1 0.5868544600938967 64.637001
0 0 0 0 0 0 0 0.47619047619047616 0.0
0 0 0 1 1 1 0 0.5241090146750524 62.378502
0 0 0 1 1 1 0 0.5555555555555556 61.420799
0 0 0 0 0 0 0 0.8333333333333334 0.0
0 0 0 0 0 1 1 1.4992503748125936 35.314098
1 1 1 1 1 1 1 1.4992503748125936 89.619698
0 1 1 1 1 1 1 0.6613756613756614 72.173302
0 0 0 0 0 1 0 0.8333333333333334 27.843
0 0 1 1 0 0 0 0.5241090146750524 25.099199
0 0 1 1 1 0 0 1.0 60.168201
0 1 1 1 0 0 0 0.6613756613756614 26.9823
0 0 1 0 0 0 0 0.8333333333333334 15.1543
0 0 1 1 1 1 1 1.4992503748125936 85.185402
0 1 1 1 1 1 0 1.4992503748125936 77.000504
1 1 1 1 1 0 0 2.0 88.506897
0 0 1 1 1 1 1 0.4528985507246377 67.056297
0 0 0 1 0 0 0 0.8333333333333334 12.2555
0 0 1 1 0 0 0 0.4528985507246377 25.246901
0 1 1 1 1 0 0 1.0 65.044296
0 0 0 0 1 0 0 0.5555555555555556 49.6563
0 0 0 0 0 0 0 0.4528985507246377 0.0
0 1 1 1 1 0 0 0.4528985507246377 62.700199
0 0 0 0 0 0 1 0.7153075822603719 18.101
0 0 0 0 0 1 0 0.5555555555555556 27.7672
0 1 1 1 1 0 0 0.5241090146750524 63.172798
0 1 1 0 0 0 0 1.4992503748125936 32.229301
0 0 0 0 1 0 0 0.47619047619047616 49.033001
0 0 1 1 1 1 0 1.0 66.475998
1 1 0 0 0 0 0 0.5868544600938967 27.162201
0 1 1 0 0 0 0 0.49603174603174605 22.220699
0 1 0 0 0 0 0 1.4992503748125936 19.7792
0 0 0 1 1 1 0 0.4528985507246377 62.439098
1 1 1 0 0 0 0 1.4992503748125936 39.882301
0 0 0 0 1 1 0 0.8333333333333334 58.7519
0 1 1 1 1 1 0 0.5868544600938967 70.763901
0 0 1 1 0 0 0 0.5555555555555556 25.1565
0 0 0 0 0 0 0 1.0 0.0
0 0 0 0 1 0 0 1.0 53.4692
0 1 1 1 1 0 0 0.5555555555555556 62.767101
0 0 0 1 0 0 0 0.5868544600938967 12.1409
0 0 0 0 0 1 0 1.4992503748125936 27.878799
0 0 1 1 1 0 0 0.7153075822603719 58.181301
0 0 0 0 0 0 0 0.6218905472636815 0.0
1 1 1 1 1 1 0 0.6613756613756614 81.486397
0 0 1 1 0 0 0 0.47619047619047616 25.0264
1 1 1 1 1 1 0 1.4992503748125936 87.6474
1 1 1 1 1 1 1 1.0 86.666901
0 0 1 0 0 0 0 0.6613756613756614 15.2086
1 1 1 1 1 1 0 0.5241090146750524 81.480499
0 0 0 1 1 1 0 1.4992503748125936 69.034103
0 0 1 1 0 0 0 0.47619047619047616 24.958099
0 0 0 1 1 0 0 0.49603174603174605 53.470299
0 0 0 0 1 1 1 1.4992503748125936 69.1465
0 0 0 1 1 1 0 0.7153075822603719 61.8829
0 0 0 0 1 0 0 2.0 58.755501
1 1 1 1 1 1 0 1.0 82.804703
1 1 1 1 1 1 1 1.0 85.124298
0 0 0 0 0 0 1 0.5868544600938967 18.319099
0 0 1 1 1 1 0 0.6218905472636815 64.473099
0 0 0 0 0 0 0 0.49603174603174605 0.0
0 0 0 0 0 0 0 0.8333333333333334 0.0
0 0 0 1 0 0 0 0.6218905472636815 12.1877
0 0 0 1 1 1 1 0.5868544600938967 64.899696
0 0 0 0 0 0 0 1.4992503748125936 0.0
0 0 0 0 1 0 0 0.6613756613756614 48.802101
0 0 0 1 1 1 0 0.8333333333333334 64.870598
0 0 0 0 0 0 0 0.6613756613756614 0.0
0 0 0 0 1 1 1 0.5555555555555556 61.966801
0 0 1 1 1 1 0 0.7153075822603719 67.311401
0 0 0 0 0 0 0 0.8333333333333334 0.0
0 1 1 1 1 0 0 0.49603174603174605 62.748299
0 0 0 0 1 0 0 0.5241090146750524 49.366299
0 1 0 0 0 0 0 0.8333333333333334 18.660801
1 1 0 0 0 0 0 0.5241090146750524 26.5193
0 0 0 0 0 0 1 0.7153075822603719 18.138901
0 0 1 0 0 0 0 2.0 17.369101
0 0 0 0 0 0 0 0.5241090146750524 0.0
0 0 1 0 0 0 0 0.5241090146750524 15.4564
0 0 0 1 0 0 0 0.49603174603174605 11.9568
1 1 1 1 1 1 1 0.5868544600938967 81.959198
1 0 0 0 0 0 0 0.4528985507246377 19.251801
0 0 1 1 1 1 1 0.5241090146750524 68.650101
0 0 0 1 1 0 0 2.0 70.062401
0 0 0 0 1 1 0 1.4992503748125936 70.984802
0 0 0 0 0 1 1 0.49603174603174605 35.5854
1 0 0 0 0 0 0 0.49603174603174605 19.5128
0 0 0 0 0 0 0 0.4528985507246377 0.0
1 1 1 0 0 0 0 0.5241090146750524 31.9769
0 1 1 1 0 0 0 0.47619047619047616 26.169399
0 0 0 1 1 0 0 0.5868544600938967 53.6045
1 1 1 1 1 1 0 0.47619047619047616 81.015099
0 0 1 1 1 0 0 1.0 59.750702
1 1 1 1 0 0 0 0.7153075822603719 37.0312
1 1 0 0 0 0 0 0.8333333333333334 27.1154
0 0 0 0 0 0 0 0.6613756613756614 0.0
1 1 1 1 1 1 1 0.8333333333333334 84.138901
0 0 0 0 1 0 0 0.8333333333333334 54.7407
0 1 0 0 0 0 0 0.6613756613756614 18.779301
1 1 1 1 1 1 1 1.0 86.099098
0 0 0 0 0 0 0 0.5555555555555556 0.0
0 1 1 1 1 1 0 0.5241090146750524 72.340202
1 1 1 1 0 0 0 0.5868544600938967 36.390202
0 0 0 0 0 1 1 0.5868544600938967 35.502899
0 0 0 0 1 1 0 0.8333333333333334 58.922001
0 1 1 0 0 0 0 0.49603174603174605 20.350901
0 0 1 1 0 0 0 0.49603174603174605 25.4118
0 0 1 1 1 0 0 0.5555555555555556 57.578499
0 0 0 1 1 1 0 1.0 62.900501
0 0 0 0 0 0 0 0.5868544600938967 0.0
1 1 1 0 0 0 0 1.0 34.804501
1 1 1 1 0 0 0 0.8333333333333334 38.052502
0 1 1 1 0 0 0 0.47619047619047616 26.224501
0 0 0 1 1 1 1 0.7153075822603719 64.717102
0 0 0 1 1 0 0 1.0 60.775101
0 1 1 1 1 0 0 0.6218905472636815 63.610802
0 1 1 1 0 0 0 1.0 36.743801
0 1 1 1 0 0 0 0.47619047619047616 26.3561
0 0 0 0 0 0 0 0.5868544600938967 0.0
0 0 0 1 1 0 0 0.47619047619047616 53.460499
0 0 1 1 1 1 1 0.47619047619047616 68.713898
0 0 1 1 1 0 0 1.4992503748125936 63.439899
1 1 1 1 1 0 0 0.47619047619047616 72.831596
0 0 0 1 1 1 0 0.4528985507246377 62.258999
0 0 1 1 1 1 1 0.47619047619047616 68.757797
0 0 0 1 1 1 1 0.47619047619047616 64.242104
0 1 0 0 0 0 0 0.5868544600938967 20.4737
0 0 0 0 0 1 1 0.6218905472636815 35.087502
0 1 1 1 0 0 0 0.6613756613756614 28.431101
1 1 1 1 1 1 0 0.4528985507246377 79.628502
0 0 0 0 0 0 0 2.0 0.0
0 0 0 0 1 0 0 0.5555555555555556 49.452301
1 1 0 0 0 0 0 0.5241090146750524 25.9851
0 0 0 0 0 0 0 0.5241090146750524 0.0
0 0 0 0 1 1 1 0.5241090146750524 61.386501
0 1 1 1 1 1 1 1.0 74.6586
1 0 0 0 0 0 0 0.4528985507246377 18.887199
0 1 1 0 0 0 0 0.49603174603174605 22.9564
1 1 1 1 0 0 0 0.5555555555555556 37.301201
0 0 1 1 1 1 1 0.7153075822603719 68.512497
0 1 1 1 0 0 0 0.47619047619047616 26.2258
0 1 1 1 1 1 0 0.7153075822603719 70.448997
0 0 1 0 0 0 0 0.5241090146750524 15.4868
0 0 1 1 1 0 0 0.7153075822603719 57.950802
0 0 0 0 0 1 1 0.4528985507246377 35.900501
1 1 1 1 1 0 0 1.0 76.375099
0 1 1 1 1 1 1 0.47619047619047616 72.740501
0 0 0 0 0 1 0 2.0 28.441299
0 1 1 1 1 1 0 0.5555555555555556 70.310799
0 0 0 0 0 0 0 0.4528985507246377 0.0
1 1 0 0 0 0 0 0.47619047619047616 26.162901
0 0 0 0 1 1 1 0.8333333333333334 61.579899
0 1 1 1 1 1 0 1.4992503748125936 76.797699
0 0 0 1 1 1 0 0.8333333333333334 63.595402
1 1 1 1 1 0 0 0.5868544600938967 74.151802
0 0 0 0 0 1 0 0.49603174603174605 27.8442
0 1 1 1 0 0 0 0.4528985507246377 26.382401
0 0 0 0 0 0 0 0.5868544600938967 0.0
1 1 1 0 0 0 0 0.6218905472636815 32.3162
0 0 0 0 0 0 0 0.6613756613756614 0.0
0 0 0 0 0 0 0 0.6613756613756614 0.0
0 0 0 1 1 1 0 0.6613756613756614 61.820702
0 0 0 0 0 1 0 0.8333333333333334 27.881701
0 0 1 1 1 1 1 0.49603174603174605 68.352997
0 1 1 1 1 1 0 0.49603174603174605 70.368301
1 1 1 1 0 0 0 0.5241090146750524 36.263302
1 1 1 0 0 0 0 2.0 44.4949
1 1 0 0 0 0 0 0.8333333333333334 27.9561
0 0 0 0 0 0 0 2.0 0.0
0 0 0 1 1 0 0 0.7153075822603719 53.2188
0 0 0 0 0 0 0 0.5555555555555556 0.0
0 0 0 0 1 1 1 0.6218905472636815 61.255901
1 1 0 0 0 0 0 0.5241090146750524 26.3256
1 1 1 1 1 1 0 0.6218905472636815 80.675697
0 0 0 0 0 0 0 0.49603174603174605 0.0
0 1 1 0 0 0 0 0.5868544600938967 22.6693
0 0 0 0 0 0 0 2.0 0.0
0 0 0 0 0 1 0 1.4992503748125936 27.8456
0 0 1 1 1 1 0 0.47619047619047616 65.632004
0 1 1 1 1 1 0 0.5555555555555556 72.367203
0 1 1 1 1 1 0 0.47619047619047616 70.281097
0 0 0 1 1 0 0 0.6218905472636815 53.319401
0 0 0 1 1 0 0 0.4528985507246377 53.493999
1 1 1 1 1 1 1 1.4992503748125936 90.126602
1 1 0 0 0 0 0 0.6613756613756614 28.363001
0 0 0 1 1 1 0 0.6613756613756614 60.9184
0 0 0 0 0 1 0 0.49603174603174605 27.766399
0 1 1 1 1 1 0 2.0 79.623001
1 1 1 1 1 0 0 2.0 88.489899
0 1 1 1 1 1 1 0.49603174603174605 72.603798
0 0 0 0 0 0 0 1.0 0.0
0 0 0 1 1 0 0 0.6613756613756614 53.176998
0 0 0 0 0 1 1 2.0 36.4683
0 0 1 0 0 0 0 0.4528985507246377 15.5299
0 0 0 0 1 1 1 0.5555555555555556 61.114101
0 0 0 1 1 0 0 0.7153075822603719 54.193802
1 1 1 1 1 1 0 0.6613756613756614 82.307098
0 0 0 1 1 0 0 0.7153075822603719 54.595001
0 0 0 0 0 0 1 0.8333333333333334 18.067499
0 0 0 1 1 0 0 0.7153075822603719 52.074299
0 0 0 0 1 0 0 0.49603174603174605 49.644001
0 0 0 0 0 0 1 0.4528985507246377 18.0844
0 0 1 1 1 1 0 0.47619047619047616 65.204803
1 0 0 0 0 0 0 0.6613756613756614 18.6127
0 0 0 0 0 0 1 0.8333333333333334 17.936199
1 1 1 0 0 0 0 0.4528985507246377 31.9592
0 0 0 0 1 1 0 0.5868544600938967 57.061298
0 1 1 1 1 1 0 2.0 81.539101
1 1 1 0 0 0 0 0.6218905472636815 32.921299
0 0 0 0 0 1 0 0.5868544600938967 27.8675
0 0 0 1 1 0 0 0.5868544600938967 53.710499
0 0 0 0 1 0 0 0.6613756613756614 49.799
0 1 1 1 0 0 0 0.47619047619047616 26.341299
0 1 1 1 0 0 0 0.4528985507246377 26.6371
1 1 1 1 1 1 1 0.8333333333333334 85.389397
0 0 0 0 0 0 0 0.5241090146750524 0.0
0 0 0 1 1 0 0 0.6613756613756614 53.684799
0 1 1 1 1 0 0 0.4528985507246377 64.5476
0 0 0 0 0 0 0 0.5868544600938967 0.0
0 0 0 0 0 0 0 0.6218905472636815 0.0
0 0 0 0 0 0 0 0.7153075822603719 0.0
0 0 0 1 0 0 0 1.0 12.2309
0 0 1 0 0 0 0 0.5555555555555556 15.3312
1 1 1 1 0 0 0 0.6613756613756614 36.9552
0 0 0 1 1 1 1 2.0 73.838898
1 1 1 0 0 0 0 0.7153075822603719 32.8937
0 0 0 0 0 0 0 1.0 0.0
0 0 0 1 1 0 0 0.5241090146750524 53.4781
0 0 1 1 0 0 0 0.6613756613756614 24.6493
1 1 1 1 1 0 0 0.5868544600938967 74.347504
0 0 1 0 0 0 0 2.0 17.4146
0 0 0 0 0 0 1 0.49603174603174605 18.0499
0 0 1 0 0 0 0 0.5868544600938967 15.1993
0 0 0 1 1 0 0 1.4992503748125936 63.965599
0 1 1 1 1 1 1 0.49603174603174605 75.2285
1 1 1 0 0 0 0 0.6613756613756614 33.946701
0 0 0 0 0 0 0 0.8333333333333334 0.0
0 0 1 1 0 0 0 0.49603174603174605 25.172899
0 0 0 0 0 0 0 1.4992503748125936 0.0
0 0 0 1 1 1 1 0.49603174603174605 65.194801
0 0 1 1 1 0 0 0.6218905472636815 58.285801
0 0 0 1 1 0 0 1.4992503748125936 64.711197
0 0 0 1 1 1 0 1.4992503748125936 68.732201
0 1 1 1 1 1 1 0.4528985507246377 74.2771
0 0 0 1 0 0 0 2.0 14.2454
0 0 0 0 0 0 0 1.4992503748125936 0.0
0 1 1 1 0 0 0 0.5868544600938967 27.8503
0 1 1 1 1 1 1 0.8333333333333334 74.838997
0 0 0 1 1 1 1 1.0 66.076302
0 0 0 1 0 0 0 1.4992503748125936 13.1602
0 0 0 1 1 0 0 0.8333333333333334 52.625702
0 1 1 1 1 1 0 0.5868544600938967 72.530701
0 0 0 0 0 0 0 0.5555555555555556 0.0
1 1 1 1 1 1 0 1.0 84.364799
0 0 0 0 0 0 0 0.5241090146750524 0.0
0 1 1 1 1 0 0 0.6613756613756614 63.7309
0 1 1 1 1 1 0 0.6613756613756614 72.950699
1 1 0 0 0 0 0 2.0 40.097301
0 0 0 0 0 1 0 1.0 27.8885
0 0 0 1 1 1 1 1.0 66.244797
1 1 0 0 0 0 0 0.49603174603174605 26.2283
0 1 0 0 0 0 0 0.5555555555555556 19.1868
0 0 0 0 0 0 0 1.4992503748125936 0.0
0 0 1 1 1 1 1 0.8333333333333334 69.682899
1 1 1 0 0 0 0 0.49603174603174605 33.415901
0 0 0 1 1 1 0 0.5241090146750524 61.584
0 0 0 0 1 1 1 1.0 71.632599
0 0 1 1 1 1 1 1.0 69.376801
0 1 0 0 0 0 0 0.5241090146750524 20.8839
0 0 0 0 1 1 1 0.47619047619047616 61.729301
0 0 0 0 1 0 0 0.8333333333333334 54.2341
0 0 0 0 0 0 1 0.4528985507246377 18.150101
0 1 1 1 1 1 1 0.5868544600938967 73.574898
0 1 1 1 1 0 0 1.4992503748125936 69.308601
0 1 1 1 1 1 1 1.0 74.796799
0 0 0 0 1 1 0 0.4528985507246377 58.697399
0 0 0 0 0 0 1 1.0 18.197701
0 0 0 0 0 1 0 1.0 27.947399
1 1 0 0 0 0 0 0.6218905472636815 26.070299
0 1 1 1 1 1 0 1.4992503748125936 76.614098
0 1 0 0 0 0 0 0.7153075822603719 20.854401
0 1 1 0 0 0 0 0.7153075822603719 27.974899
1 1 1 1 0 0 0 1.4992503748125936 47.156898
1 1 1 1 1 1 0 0.5555555555555556 81.099197
0 1 1 1 1 0 0 0.8333333333333334 64.878899
0 0 0 0 0 1 1 0.8333333333333334 35.823601
0 0 0 1 1 0 0 1.0 60.439602
0 0 0 1 1 0 0 0.7153075822603719 53.381802
1 1 1 1 1 0 0 0.5241090146750524 73.638603
0 1 1 1 0 0 0 0.4528985507246377 26.3221
0 1 1 1 1 0 0 0.4528985507246377 64.281898
0 0 0 1 1 1 1 0.7153075822603719 64.607399
0 1 0 0 0 0 0 0.5555555555555556 19.733299
0 1 1 1 1 1 1 0.47619047619047616 71.571297
0 0 0 0 0 0 0 1.4992503748125936 0.0
1 1 1 1 1 0 0 0.6218905472636815 74.014
0 0 0 0 1 0 0 0.47619047619047616 49.119999
1 1 1 1 0 0 0 1.4992503748125936 46.461899
0 1 0 0 0 0 0 0.6613756613756614 18.7491
0 1 1 0 0 0 0 0.4528985507246377 20.315201
0 1 1 1 1 0 0 1.4992503748125936 68.939003
0 0 1 1 0 0 0 0.8333333333333334 24.814899
1 1 1 0 0 0 0 0.8333333333333334 32.924702
1 1 1 1 1 1 1 0.47619047619047616 82.355904
0 0 0 1 0 0 0 1.0 12.2376
1 1 1 1 1 0 0 0.4528985507246377 72.203201
1 1 1 1 1 1 1 0.6218905472636815 83.4216
0 0 0 0 0 0 0 0.4528985507246377 0.0
0 0 0 0 0 1 0 0.5241090146750524 27.4424
1 1 0 0 0 0 0 2.0 39.871201
0 0 0 1 1 1 0 0.7153075822603719 63.104
0 1 1 1 1 0 0 1.0 64.843102
0 0 0 0 0 0 0 0.7153075822603719 0.0
0 0 1 0 0 0 0 0.4528985507246377 15.5088
0 0 0 1 1 1 1 2.0 80.2537
0 0 0 1 1 1 1 1.0 66.137497
0 0 0 0 0 1 1 0.49603174603174605 35.986198
0 0 0 0 0 0 1 0.7153075822603719 18.143499
0 0 0 0 0 0 0 0.6613756613756614 0.0
0 0 0 0 0 1 1 0.5555555555555556 35.4687
1 1 1 1 1 0 0 0.5868544600938967 73.484901
0 1 0 0 0 0 0 0.5241090146750524 18.849001
1 1 1 1 1 1 0 0.6218905472636815 80.563599
0 0 0 0 0 0 0 0.8333333333333334 0.0
0 0 0 0 1 0 0 0.6613756613756614 49.042
0 0 1 0 0 0 0 0.6218905472636815 15.0576
0 0 0 0 0 1 1 0.7153075822603719 35.172501
0 0 0 0 1 0 0 1.0 56.497299
1 1 1 1 1 0 0 0.47619047619047616 73.428497
0 1 1 1 0 0 0 0.49603174603174605 26.139099
0 1 0 0 0 0 0 0.5241090146750524 18.8428
0 1 1 1 1 1 0 0.49603174603174605 70.563499
0 0 1 1 1 1 0 2.0 78.1838
0 0 0 0 0 0 0 0.47619047619047616 0.0
0 1 1 1 0 0 0 0.6613756613756614 26.867599
0 1 1 1 1 1 1 1.0 75.148003
1 0 0 0 0 0 0 2.0 35.179901
0 0 1 1 1 0 0 0.4528985507246377 58.420601
1 1 1 1 0 0 0 0.8333333333333334 37.331001
0 1 1 1 1 1 1 0.6218905472636815 71.978104
0 1 1 0 0 0 0 0.5868544600938967 22.617201
0 0 0 0 1 1 1 0.6613756613756614 60.582699
1 0 0 0 0 0 0 1.0 21.397699
1 1 1 1 1 1 0 2.0 91.959396
0 0 0 0 1 1 1 0.5868544600938967 60.374599
0 0 0 0 0 1 1 1.4992503748125936 35.543098
0 1 1 1 1 0 0 0.7153075822603719 63.711899
1 1 0 0 0 0 0 0.7153075822603719 26.692301
1 1 1 1 1 0 0 0.4528985507246377 71.903297
1 1 1 1 0 0 0 0.6218905472636815 36.862999
0 1 1 1 1 0 0 2.0 76.294197
0 0 0 1 0 0 0 0.7153075822603719 12.1142
0 1 1 1 0 0 0 0.8333333333333334 32.5924
0 1 1 0 0 0 0 2.0 34.216499
1 1 1 1 0 0 0 0.8333333333333334 38.237801
0 0 0 0 0 0 0 0.5868544600938967 0.0
0 0 0 1 1 0 0 0.5868544600938967 53.749001
0 0 0 1 1 0 0 0.5241090146750524 54.553398
1 1 0 0 0 0 0 0.8333333333333334 27.3906
0 0 1 1 1 1 0 2.0 79.802597
0 0 0 0 0 0 0 0.49603174603174605 0.0
0 1 0 0 0 0 0 0.6613756613756614 20.371
0 1 1 0 0 0 0 0.8333333333333334 33.1171
0 1 1 1 0 0 0 0.5555555555555556 26.2145
0 0 0 0 1 1 1 1.0 72.192001
0 0 0 0 1 1 1 0.49603174603174605 61.2691
0 0 0 1 1 1 0 0.4528985507246377 61.5532
0 0 0 1 1 0 0 0.8333333333333334 54.0998
0 1 1 1 0 0 0 0.47619047619047616 26.386
0 0 0 0 0 0 1 0.8333333333333334 17.9963
1 1 1 1 0 0 0 0.5868544600938967 36.210098
0 0 0 0 0 1 0 0.49603174603174605 27.375799
0 0 1 1 1 0 0 0.4528985507246377 57.4174
0 1 1 1 0 0 0 0.49603174603174605 26.190399
0 0 0 0 0 1 1 0.47619047619047616 35.381901
1 0 0 0 0 0 0 0.7153075822603719 19.916401
0 1 1 1 1 0 0 0.49603174603174605 63.209499
1 1 1 1 1 1 0 0.6613756613756614 80.271301
0 0 1 1 1 0 0 0.49603174603174605 57.937599
0 0 1 0 0 0 0 0.5241090146750524 15.4862
0 0 0 0 0 1 1 0.7153075822603719 35.0597
1 0 0 0 0 0 0 0.5868544600938967 18.346201
0 0 0 0 0 1 0 0.6218905472636815 27.7325
0 0 0 1 1 1 1 0.8333333333333334 65.001801
0 0 0 0 1 0 0 0.8333333333333334 56.3773
0 0 0 1 1 1 0 0.8333333333333334 62.084202
0 0 1 0 0 0 0 0.5555555555555556 15.3639
1 1 1 1 0 0 0 0.5868544600938967 36.0299
0 0 1 1 1 0 0 2.0 70.361
0 0 1 1 1 1 0 0.6613756613756614 67.795898
0 0 1 1 0 0 0 1.0 24.9636
0 0 0 0 0 0 0 0.49603174603174605 0.0
0 1 0 0 0 0 0 0.8333333333333334 19.625099
1 1 0 0 0 0 0 0.6613756613756614 27.037901
0 0 0 0 1 1 1 0.6613756613756614 61.489899
0 0 0 0 0 1 1 0.5241090146750524 35.939701
0 1 1 1 1 1 1 2.0 83.190201
0 0 1 1 1 1 1 0.49603174603174605 69.588699
0 0 0 0 1 1 0 0.8333333333333334 58.317299
0 0 0 0 1 1 1 0.49603174603174605 61.543701
0 0 0 0 0 0 0 0.5241090146750524 0.0
0 0 0 1 1 1 0 0.7153075822603719 61.893299
0 0 0 0 0 1 0 0.8333333333333334 27.990999
0 0 0 0 0 0 0 0.5868544600938967 0.0
0 0 0 0 0 0 0 0.6218905472636815 0.0
0 0 0 0 0 0 1 0.6218905472636815 18.135
0 0 0 0 1 1 1 0.5555555555555556 61.857899
0 1 1 1 1 1 1 0.5555555555555556 71.724197
0 0 1 0 0 0 0 0.5555555555555556 15.4647
0 1 1 1 1 0 0 0.5241090146750524 63.482101
0 0 0 0 0 0 0 0.49603174603174605 0.0
1 1 1 1 1 1 0 0.4528985507246377 81.4478
1 1 1 0 0 0 0 0.47619047619047616 33.303101
0 0 0 1 1 1 0 0.5241090146750524 60.8041
0 0 1 1 1 0 0 0.47619047619047616 57.672001
0 0 1 1 1 1 0 0.5555555555555556 65.685898
0 0 1 1 1 0 0 0.49603174603174605 57.844299
1 1 1 0 0 0 0 0.8333333333333334 33.287998
0 0 1 1 1 1 1 0.5241090146750524 68.073997
1 1 1 1 1 1 1 0.8333333333333334 83.696404
1 1 1 1 1 1 1 0.6613756613756614 85.281502
0 0 1 1 1 0 0 0.4528985507246377 57.788898
0 0 1 1 1 0 0 0.8333333333333334 57.701302
0 0 0 0 0 0 0 1.4992503748125936 0.0
1 1 0 0 0 0 0 0.6218905472636815 26.7384
0 0 1 0 0 0 0 1.4992503748125936 16.1061
0 0 1 1 0 0 0 0.6218905472636815 24.600901
0 1 1 1 1 1 0 0.5868544600938967 70.339401
0 0 0 0 0 1 0 0.8333333333333334 27.7206
0 1 1 0 0 0 0 0.6218905472636815 27.155899
0 1 1 1 1 1 0 0.5555555555555556 70.579102
0 0 0 0 0 0 0 0.6218905472636815 0.0
0 1 1 1 1 1 1 0.47619047619047616 72.395302
0 1 1 0 0 0 0 1.4992503748125936 34.329201
0 1 1 1 1 0 0 0.6613756613756614 63.692799
1 1 1 1 1 1 1 0.8333333333333334 85.746498
1 1 1 1 1 1 0 0.47619047619047616 80.448502
0 1 1 1 1 1 0 0.6218905472636815 72.122498
1 1 1 1 1 1 1 0.47619047619047616 84.745201
1 0 0 0 0 0 0 0.5241090146750524 19.2526
1 0 0 0 0 0 0 0.5868544600938967 19.714199
0 0 0 0 1 1 0 0.4528985507246377 57.786999
0 0 0 0 0 0 0 0.47619047619047616 0.0
0 0 0 0 0 0 0 2.0 0.0
0 0 0 0 0 1 1 1.4992503748125936 35.348999
1 1 1 0 0 0 0 0.5555555555555556 32.238499
0 0 0 0 0 0 0 1.4992503748125936 0.0
0 0 0 0 0 0 0 0.4528985507246377 0.0
0 1 1 1 1 1 1 0.6218905472636815 72.155403
0 0 0 0 0 1 1 0.47619047619047616 35.627899
0 0 0 0 0 0 0 0.5868544600938967 0.0
0 0 0 0 1 0 0 0.49603174603174605 48.837898
0 1 1 0 0 0 0 0.6613756613756614 26.064301
0 0 0 1 1 1 1 1.4992503748125936 73.482597
0 0 0 0 1 1 0 0.6218905472636815 57.1413
0 0 1 1 1 0 0 2.0 75.490997
0 1 1 1 1 1 1 1.4992503748125936 82.310303
0 0 1 1 1 1 0 0.5241090146750524 65.8965
1 1 1 1 0 0 0 0.7153075822603719 37.461899
1 1 1 1 1 0 0 1.4992503748125936 81.0093
1 0 0 0 0 0 0 0.6613756613756614 19.0306
1 1 1 1 1 0 0 0.5868544600938967 72.6502
1 1 0 0 0 0 0 0.5555555555555556 26.160601
0 0 0 0 0 0 0 0.47619047619047616 0.0
0 0 0 0 0 0 0 1.0 0.0
0 0 0 1 0 0 0 0.5555555555555556 11.9739
0 0 0 0 1 1 1 0.5241090146750524 61.226299
0 1 1 1 1 0 0 0.4528985507246377 64.624496
0 0 0 0 0 1 0 0.5555555555555556 28.197701
0 0 0 1 0 0 0 0.5868544600938967 12.1594
1 1 1 1 0 0 0 1.4992503748125936 44.053299
0 1 0 0 0 0 0 0.5555555555555556 18.585899
0 0 1 0 0 0 0 0.5868544600938967 15.1554
0 0 0 0 0 0 0 1.0 0.0
0 0 1 1 1 1 0 0.8333333333333334 66.289101
0 0 0 0 0 0 0 0.5868544600938967 0.0
0 1 1 0 0 0 0 0.7153075822603719 26.296101
1 1 1 1 1 0 0 1.0 75.9244
0 0 0 0 0 0 0 0.5868544600938967 0.0
0 0 0 0 1 1 0 0.5555555555555556 56.9618
0 0 0 0 0 0 1 0.47619047619047616 18.1446
0 0 0 1 0 0 0 0.7153075822603719 12.0265
0 0 1 1 0 0 0 1.4992503748125936 26.4977
1 1 1 1 1 1 0 0.49603174603174605 80.774002
1 1 0 0 0 0 0 2.0 39.891399
0 0 0 0 0 1 0 2.0 28.2547
0 1 1 0 0 0 0 0.5241090146750524 26.1357
0 0 0 0 0 0 0 0.6218905472636815 0.0
0 0 0 1 0 0 0 0.47619047619047616 12.0143
0 0 1 1 1 1 1 2.0 82.121696
0 0 0 0 0 0 1 1.4992503748125936 18.737
0 0 0 0 1 1 0 2.0 70.483803
0 0 0 0 0 1 0 0.8333333333333334 28.1595
0 0 0 1 1 1 1 0.6218905472636815 65.041397
0 0 0 0 0 0 0 0.6613756613756614 0.0
0 0 1 1 1 1 0 0.47619047619047616 65.363403
0 0 0 0 0 1 0 0.6218905472636815 28.158501
0 0 0 0 0 0 0 1.4992503748125936 0.0
0 0 0 0 0 1 0 0.6613756613756614 27.545601
0 0 0 0 1 0 0 0.5241090146750524 48.994301
1 1 0 0 0 0 0 1.0 28.882999
0 0 0 0 1 1 1 0.8333333333333334 62.3498