0 0 0 0 0 0 1 2.0 19.6534
0 0 0 1 1 1 1 0.5555555555555556 118.705002
1 1 1 1 1 1 1 0.6613756613756614 290.053986
0 0 1 1 1 1 1 0.5868544600938967 144.714996
0 1 1 1 1 1 1 1.4992503748125936 374.05899
0 0 0 0 0 0 0 0.5555555555555556 0.0
0 0 0 0 0 1 1 1.4992503748125936 81.834198
0 0 0 0 0 0 1 0.6218905472636815 8.07171
0 0 0 1 1 1 1 2.0 341.395996
0 0 0 0 0 0 1 0.8333333333333334 11.1105
0 0 0 0 0 0 0 0.8333333333333334 0.0
0 0 0 1 1 1 1 1.0 180.106003
0 0 0 1 1 1 1 0.8333333333333334 154.582001
0 0 0 0 0 0 0 0.6613756613756614 0.0
0 0 0 0 0 0 1 0.6218905472636815 8.44444
0 0 0 0 0 1 1 1.4992503748125936 83.7425
0 0 0 0 0 0 1 0.8333333333333334 13.7175
0 0 0 0 0 0 1 0.5555555555555556 8.75567
0 0 0 0 0 0 0 0.5555555555555556 0.0
0 0 0 0 0 0 1 0.7153075822603719 10.9477
0 0 0 0 0 0 0 1.4992503748125936 0.0
1 1 1 1 1 1 1 0.7153075822603719 298.513
0 0 1 1 1 1 1 1.4992503748125936 315.628998
0 0 0 0 1 1 1 0.8333333333333334 129.873993
0 0 0 1 1 1 1 0.8333333333333334 155.201996
0 0 0 1 1 1 1 0.6218905472636815 125.983002
0 0 1 1 1 1 1 1.0 218.001999
0 0 0 0 0 0 0 0.6218905472636815 0.0
0 0 0 1 1 1 1 1.4992503748125936 262.326996
0 0 1 1 1 1 1 0.8333333333333334 184.363998
0 0 0 0 0 1 1 1.4992503748125936 90.332703
0 0 0 0 0 0 0 0.6613756613756614 0.0
0 0 1 1 1 1 1 0.5555555555555556 157.419006
0 0 0 0 0 1 1 2.0 99.872398
0 0 0 0 0 0 1 0.6218905472636815 6.69678
0 0 0 0 1 1 1 0.6613756613756614 111.582001
0 0 0 0 0 0 1 0.7153075822603719 8.37273
0 0 0 0 0 0 0 0.8333333333333334 0.0
0 0 0 0 1 1 1 0.5555555555555556 103.575996
0 0 0 0 0 0 1 0.6218905472636815 7.5672
0 0 0 0 0 0 0 0.5555555555555556 0.0
0 1 1 1 1 1 1 0.6613756613756614 184.888
0 0 0 0 0 0 1 0.6613756613756614 12.7334
0 0 1 1 1 1 1 2.0 417.675995
0 0 0 0 0 0 0 0.6613756613756614 0.0
0 0 0 0 1 1 1 0.6218905472636815 108.321999
0 0 0 0 0 0 1 2.0 19.952801
0 0 0 0 0 0 1 1.0 10.659
0 0 1 1 1 1 1 0.8333333333333334 186.194
0 0 0 1 1 1 1 2.0 346.341003
0 0 0 0 0 0 0 0.5868544600938967 0.0
0 0 0 0 0 1 1 0.7153075822603719 50.887798
0 0 0 0 1 1 1 0.7153075822603719 116.823997
0 1 1 1 1 1 1 0.5868544600938967 186.003998
0 0 0 0 0 0 0 2.0 0.0
0 0 0 0 0 0 1 0.5868544600938967 12.4445
0 0 0 0 1 1 1 0.5555555555555556 100.248001
0 0 0 0 0 1 1 1.4992503748125936 76.731201
0 0 0 0 0 0 0 0.5555555555555556 0.0
0 0 0 1 1 1 1 0.6218905472636815 126.235001
0 0 0 0 0 0 0 0.5868544600938967 0.0
0 1 1 1 1 1 1 0.5555555555555556 166.597
0 0 0 0 0 0 1 1.4992503748125936 16.896999
0 1 1 1 1 1 1 2.0 491.984009
0 0 0 0 1 1 1 0.8333333333333334 130.300003
0 0 0 0 0 0 0 0.6218905472636815 0.0
0 0 0 0 0 0 0 0.8333333333333334 0.0
0 0 0 0 0 1 1 1.4992503748125936 83.723099
0 0 0 0 1 1 1 1.0 150.626999
0 0 0 0 1 1 1 0.5868544600938967 104.268997
0 1 1 1 1 1 1 0.5868544600938967 171.860992
0 0 0 0 1 1 1 0.5555555555555556 98.999603
0 0 0 0 0 0 0 0.6613756613756614 0.0
0 0 0 0 0 0 1 2.0 19.8578
0 0 0 0 1 1 1 0.6613756613756614 110.998001
0 0 1 1 1 1 1 0.6218905472636815 149.201996
0 0 0 0 0 1 1 2.0 101.281998
0 0 0 0 0 0 1 0.5555555555555556 9.2561
0 0 0 0 0 0 1 1.0 14.8648
0 0 0 0 0 0 0 0.6613756613756614 0.0
0 0 0 0 1 1 1 1.0 149.888
0 0 0 1 1 1 1 2.0 348.673004
0 0 0 0 0 0 1 0.8333333333333334 10.9163
0 0 0 1 1 1 1 0.6613756613756614 131.807007
0 0 0 0 1 1 1 0.6613756613756614 110.800003
0 0 0 0 0 0 1 2.0 23.1448
0 0 0 0 0 0 0 0.8333333333333334 0.0
0 0 0 0 0 0 1 0.7153075822603719 8.91927
0 0 0 0 0 0 0 0.5868544600938967 0.0
0 0 0 0 0 0 1 0.8333333333333334 9.61869
0 0 0 0 0 0 1 0.6613756613756614 8.65894
0 0 0 0 0 1 1 0.6218905472636815 53.823101
0 1 1 1 1 1 1 0.8333333333333334 222.589005
0 0 0 0 0 0 1 1.4992503748125936 19.5093
0 0 0 0 1 1 1 0.7153075822603719 116.434998
0 0 0 0 0 0 1 1.0 11.37
0 1 1 1 1 1 1 0.5555555555555556 184.597
0 0 0 0 0 0 1 1.4992503748125936 17.186199
0 0 0 0 0 0 0 2.0 0.0
0 0 0 0 1 1 1 1.0 150.518997
0 0 0 0 1 1 1 0.5868544600938967 103.912003
0 0 0 0 0 1 1 0.5868544600938967 44.7775
0 1 1 1 1 1 1 1.4992503748125936 368.842987
0 0 0 0 0 0 0 1.0 0.0
0 0 0 0 1 1 1 0.7153075822603719 121.257004
0 0 0 0 0 1 1 0.6613756613756614 36.049099
0 0 0 0 1 1 1 0.8333333333333334 130.378006
0 0 0 0 0 0 1 0.6218905472636815 8.2714
0 0 0 0 0 1 1 0.5555555555555556 51.714001
0 0 0 0 0 1 1 0.8333333333333334 60.9631
0 0 0 0 0 0 1 1.4992503748125936 19.4209
0 0 0 0 1 1 1 0.6613756613756614 110.376999
0 0 1 1 1 1 1 0.6613756613756614 158.865005
0 0 0 0 0 0 1 1.0 11.4402
0 0 0 0 0 0 1 0.7153075822603719 8.53334
0 0 0 0 0 0 0 0.7153075822603719 0.0
0 0 0 0 0 1 1 2.0 104.874001
0 0 0 0 0 0 0 0.7153075822603719 0.0
0 0 0 1 1 1 1 1.0 181.746994
0 0 0 0 0 0 0 0.5868544600938967 0.0
0 0 1 1 1 1 1 0.5868544600938967 146.031998
0 0 0 0 0 1 1 0.8333333333333334 53.368198
0 0 0 0 0 1 1 0.6218905472636815 53.229698
0 0 0 0 0 0 1 1.4992503748125936 15.7167
0 0 0 0 0 1 1 1.4992503748125936 83.003403
0 0 0 0 0 0 0 1.4992503748125936 0.0
0 0 0 0 0 0 0 0.8333333333333334 0.0
0 0 0 0 0 0 1 0.8333333333333334 12.8431
0 0 0 1 1 1 1 0.6613756613756614 134.764999
0 0 0 0 0 0 0 0.5868544600938967 0.0
0 0 0 0 0 0 1 0.5555555555555556 7.07128
0 0 0 0 0 0 1 0.5868544600938967 8.43873
0 0 0 0 0 0 1 2.0 19.857
0 0 1 1 1 1 1 0.6218905472636815 150.904007
0 1 1 1 1 1 1 0.6613756613756614 186.582993
0 0 0 0 0 1 1 0.6613756613756614 58.454102
0 0 0 0 0 0 0 0.8333333333333334 0.0
0 0 0 0 0 1 1 0.6613756613756614 59.6138
0 0 0 0 0 0 0 0.7153075822603719 0.0
1 1 1 1 1 1 1 0.7153075822603719 296.119995
0 0 1 1 1 1 1 0.7153075822603719 166.929993
0 0 1 1 1 1 1 0.6218905472636815 153.087006
0 0 0 1 1 1 1 0.6613756613756614 134.158997
0 0 0 0 0 0 0 0.6613756613756614 0.0
0 0 0 0 0 1 1 0.6613756613756614 46.490799
0 0 1 1 1 1 1 0.8333333333333334 186.949005
0 0 1 1 1 1 1 0.5868544600938967 198.876007
0 0 0 0 1 1 1 0.5868544600938967 103.017998
0 0 0 0 0 1 1 0.5868544600938967 59.573299
0 0 0 1 1 1 1 0.5868544600938967 121.586998
0 0 0 0 0 0 1 2.0 22.985201
0 0 0 0 0 0 0 2.0 0.0
0 0 0 0 1 1 1 2.0 280.923004
0 0 0 0 0 1 1 2.0 104.773003
0 0 0 0 1 1 1 0.8333333333333334 131.802994
0 0 0 1 1 1 1 2.0 351.760986
0 0 0 0 1 1 1 0.5555555555555556 100.612
0 0 0 1 1 1 1 2.0 341.919006
0 0 1 1 1 1 1 0.7153075822603719 165.822998
0 0 0 0 0 1 1 1.4992503748125936 85.897102
1 1 1 1 1 1 1 0.5555555555555556 336.390015
0 0 1 1 1 1 1 1.4992503748125936 312.606995
0 0 0 0 0 0 0 0.5868544600938967 0.0
0 0 1 1 1 1 1 0.6613756613756614 165.781006
0 0 0 0 0 1 1 0.5555555555555556 41.688301
0 0 0 0 0 1 1 0.6613756613756614 46.497601
0 0 0 1 1 1 1 2.0 345.587006
0 0 0 0 1 1 1 0.6218905472636815 108.403999
0 0 0 0 0 1 1 2.0 108.917
0 0 0 0 0 1 1 0.5868544600938967 58.648399
0 0 0 0 0 0 0 0.7153075822603719 0.0
0 0 0 0 0 0 1 0.5868544600938967 9.64156
0 0 0 0 0 1 1 0.6218905472636815 60.218102
0 0 1 1 1 1 1 0.5868544600938967 194.656998
0 0 0 0 1 1 1 0.7153075822603719 117.573997
0 0 0 0 0 0 1 0.5555555555555556 7.33457
0 0 0 0 0 0 1 0.8333333333333334 10.1381
0 0 0 0 1 1 1 1.0 150.910995
0 0 0 0 0 0 0 0.6218905472636815 0.0
0 0 0 0 0 1 1 0.5868544600938967 32.752201
0 0 0 0 0 1 1 0.5555555555555556 56.575199
0 0 0 0 0 0 1 0.5868544600938967 9.92077
0 0 0 1 1 1 1 0.5868544600938967 121.959
0 0 0 0 0 0 0 0.6613756613756614 0.0
0 0 0 0 0 1 1 0.6218905472636815 34.1395
0 0 1 1 1 1 1 0.6218905472636815 150.436005
1 1 1 1 1 1 1 0.5868544600938967 256.734009
0 0 0 0 0 1 1 0.6613756613756614 60.296501
0 0 0 1 1 1 1 0.7153075822603719 138.076004
0 0 0 0 1 1 1 0.7153075822603719 116.977997
0 0 0 0 0 0 1 0.5868544600938967 9.37224
0 0 1 1 1 1 1 0.6613756613756614 158.089005
0 0 0 0 1 1 1 0.5868544600938967 104.433998
0 0 0 0 0 0 0 0.6218905472636815 0.0
0 0 0 0 0 0 0 0.6218905472636815 0.0
0 0 0 0 0 0 1 1.4992503748125936 17.0327
0 0 0 0 0 0 0 0.6218905472636815 0.0
0 0 0 0 0 0 1 0.8333333333333334 12.5699
0 0 0 0 0 0 0 0.5868544600938967 0.0
0 0 0 0 0 1 1 2.0 101.827003
0 0 0 1 1 1 1 1.4992503748125936 258.069
0 0 1 1 1 1 1 0.5555555555555556 138.548004
0 0 0 0 0 0 1 0.7153075822603719 9.02884
0 0 0 0 0 0 0 0.6613756613756614 0.0
0 0 0 0 0 0 1 0.6218905472636815 8.35881
0 0 0 0 1 1 1 0.5868544600938967 103.967003
0 0 0 0 0 0 0 0.7153075822603719 0.0
0 0 0 0 0 0 1 0.5555555555555556 7.08102
0 1 1 1 1 1 1 2.0 491.604004
0 0 0 1 1 1 1 0.5555555555555556 119.819
0 0 0 0 1 1 1 0.6218905472636815 111.300003
0 0 0 0 0 0 1 0.6218905472636815 8.55458
0 0 0 0 0 0 0 0.7153075822603719 0.0
0 0 0 0 1 1 1 0.7153075822603719 118.906998
0 0 0 0 1 1 1 1.0 150.703995
0 1 1 1 1 1 1 0.5555555555555556 231.792007
0 0 0 0 0 0 0 0.7153075822603719 0.0
0 0 0 0 1 1 1 0.6218905472636815 149.354004
0 0 0 0 0 0 0 1.0 0.0
0 0 0 0 0 0 0 0.5868544600938967 0.0
0 0 0 0 0 0 0 0.6218905472636815 0.0
0 0 0 0 0 1 1 0.7153075822603719 54.5145
0 0 0 0 0 1 1 2.0 104.027
0 0 0 1 1 1 1 0.5868544600938967 122.189003
0 0 0 0 0 0 0 2.0 0.0
0 0 0 0 0 1 1 0.8333333333333334 63.336399
0 0 0 0 0 1 1 0.5555555555555556 58.973701
0 0 0 1 1 1 1 0.5868544600938967 121.415001
0 0 0 0 0 0 1 1.4992503748125936 15.3936
0 0 0 0 1 1 1 0.5868544600938967 107.107002
0 0 0 0 0 0 1 0.6613756613756614 17.909901
0 0 0 0 1 1 1 0.8333333333333334 131.007996
0 0 0 0 1 1 1 0.8333333333333334 130.134003
0 1 1 1 1 1 1 0.5555555555555556 167.169998
0 0 0 0 0 0 0 1.4992503748125936 0.0
0 0 0 1 1 1 1 1.4992503748125936 258.097992
0 0 0 1 1 1 1 1.0 183.169998
0 0 0 0 0 0 0 0.6218905472636815 0.0
0 0 0 0 0 0 1 0.8333333333333334 11.7009
0 1 1 1 1 1 1 0.7153075822603719 197.138
0 0 0 0 1 1 1 1.0 152.419006
0 0 0 0 0 0 0 0.5555555555555556 0.0
0 0 0 0 0 0 1 1.0 14.8242
0 0 0 0 0 0 1 0.7153075822603719 13.0125
0 0 0 0 0 0 0 0.8333333333333334 0.0
0 0 1 1 1 1 1 0.6613756613756614 157.272995
0 0 0 0 0 0 0 0.7153075822603719 0.0
0 0 0 0 0 1 1 0.8333333333333334 73.898598
0 0 0 0 0 0 1 1.0 11.3179
0 0 0 0 0 0 0 2.0 0.0
0 0 0 0 0 0 0 0.6218905472636815 0.0
0 0 0 0 0 0 1 0.5868544600938967 10.2354
0 0 0 0 0 1 1 0.6218905472636815 57.311199
0 0 0 0 1 1 1 0.7153075822603719 118.302002
1 1 1 1 1 1 1 0.6613756613756614 276.433014
0 0 0 0 0 0 0 0.7153075822603719 0.0
0 0 0 0 0 0 0 0.5555555555555556 0.0
0 0 0 0 0 0 1 0.5555555555555556 12.4064
0 0 0 0 0 0 0 0.5555555555555556 0.0
1 1 1 1 1 1 1 0.7153075822603719 295.761993
0 1 1 1 1 1 1 0.8333333333333334 223.248001
0 0 0 0 0 0 0 0.5555555555555556 0.0
0 0 0 0 0 0 0 2.0 0.0
0 0 0 1 1 1 1 0.8333333333333334 156.427994
0 0 0 0 0 0 0 1.0 0.0
0 0 0 0 0 0 1 2.0 19.9524
0 0 0 0 0 0 0 1.4992503748125936 0.0
0 0 0 0 0 0 0 0.5868544600938967 0.0
0 0 1 1 1 1 1 0.5555555555555556 140.442993
0 0 0 0 0 0 0 1.0 0.0
0 0 1 1 1 1 1 1.4992503748125936 315.05899
0 0 0 0 0 0 1 0.7153075822603719 10.1116
0 0 0 0 1 1 1 0.5555555555555556 100.290001
0 0 0 0 0 1 1 0.7153075822603719 38.991901
0 0 0 0 0 0 1 0.5868544600938967 8.97791
0 0 0 0 0 0 0 1.0 0.0
0 0 0 1 1 1 1 0.7153075822603719 139.669998
0 0 0 1 1 1 1 2.0 348.542999
0 0 0 0 0 0 1 0.7153075822603719 8.3598
0 0 0 0 0 0 0 1.0 0.0
0 0 0 0 0 0 0 0.8333333333333334 0.0
0 0 0 0 1 1 1 0.5868544600938967 117.532997
0 0 0 0 0 0 0 0.6613756613756614 0.0
0 1 1 1 1 1 1 1.4992503748125936 370.026001
0 0 0 0 0 0 1 0.8333333333333334 11.2377
0 1 1 1 1 1 1 0.8333333333333334 221.013
0 0 0 0 0 0 1 1.0 19.0882
0 0 0 0 1 1 1 0.5555555555555556 102.032997
0 0 0 0 0 0 0 0.5868544600938967 0.0
0 0 1 1 1 1 1 0.5868544600938967 144.582993
0 0 0 1 1 1 1 0.6613756613756614 133.931
0 0 0 0 1 1 1 0.6218905472636815 106.804001
0 0 0 0 0 0 1 0.5555555555555556 9.88836
0 0 0 0 0 0 1 0.6613756613756614 7.96205
0 0 0 0 0 0 0 0.5868544600938967 0.0
0 0 0 0 1 1 1 0.5555555555555556 100.066002
0 0 0 1 1 1 1 0.5868544600938967 123.449997
0 0 0 0 0 1 1 0.5868544600938967 56.009701
0 0 0 0 0 1 1 2.0 104.287003
0 0 0 0 1 1 1 1.0 151.981003
0 0 1 1 1 1 1 2.0 424.473999
0 0 0 0 0 0 0 0.8333333333333334 0.0
0 0 0 0 0 0 1 0.7153075822603719 10.7424
0 0 0 0 0 1 1 2.0 109.047997
0 0 0 0 0 1 1 2.0 109.375
0 0 0 0 0 1 1 0.5868544600938967 43.8032
0 0 1 1 1 1 1 0.5868544600938967 143.908997
0 0 0 0 1 1 1 1.4992503748125936 216.373001
0 0 0 0 0 0 0 0.6218905472636815 0.0
0 0 0 0 0 0 1 2.0 23.151199
0 0 0 0 0 0 0 0.6218905472636815 0.0
0 0 0 0 0 0 0 1.0 0.0
0 0 0 0 0 0 0 0.7153075822603719 0.0
0 0 0 0 1 1 1 0.7153075822603719 116.528
0 0 0 0 1 1 1 1.0 151.334
0 0 1 1 1 1 1 0.8333333333333334 185.188995
0 0 0 0 0 0 0 1.0 0.0
0 0 0 0 0 0 1 0.7153075822603719 8.44415
0 0 0 0 0 1 1 0.5555555555555556 43.487099
0 0 0 0 0 0 0 1.0 0.0
0 0 0 0 0 1 1 0.6613756613756614 51.9459
0 1 1 1 1 1 1 0.8333333333333334 221.722
0 0 0 0 0 1 1 0.5555555555555556 44.225201
0 0 0 0 0 0 1 1.0 10.7305
0 0 0 0 0 1 1 0.5555555555555556 31.6751
0 0 0 1 1 1 1 0.7153075822603719 140.136002
0 0 0 1 1 1 1 1.0 182.889008
0 0 0 0 0 0 0 0.5868544600938967 0.0
0 0 0 0 0 1 1 1.4992503748125936 86.331299
0 0 0 0 0 1 1 2.0 108.455002
0 1 1 1 1 1 1 2.0 482.216003
0 0 0 0 0 0 0 0.6218905472636815 0.0
0 0 0 0 0 0 0 0.6613756613756614 0.0
0 0 0 0 0 0 0 0.5555555555555556 0.0
0 0 0 0 0 0 1 2.0 21.6248
0 0 0 0 0 0 0 0.6218905472636815 0.0
0 0 0 0 0 0 1 0.5555555555555556 8.51001
0 0 0 0 0 0 1 2.0 19.5816
0 0 0 0 0 0 0 0.5555555555555556 0.0
0 0 1 1 1 1 1 1.4992503748125936 310.893005
0 1 1 1 1 1 1 2.0 492.360992
0 0 0 0 1 1 1 0.8333333333333334 130.022003
0 0 0 0 0 0 0 0.6613756613756614 0.0
0 0 1 1 1 1 1 0.5555555555555556 141.181
0 0 0 0 0 1 1 1.0 61.084202
0 0 0 0 0 0 1 0.8333333333333334 8.7964
0 0 0 0 0 0 1 0.7153075822603719 8.13213
0 0 1 1 1 1 1 0.5555555555555556 141.056
0 0 1 1 1 1 1 0.6613756613756614 156.751999
0 0 0 0 0 1 1 1.0 60.065899
0 0 0 0 0 0 0 1.0 0.0
0 0 0 0 1 1 1 2.0 284.812012
0 0 0 1 1 1 1 0.6613756613756614 131.524994
0 0 0 0 0 0 0 1.0 0.0
0 0 0 0 0 1 1 0.6218905472636815 43.090599
0 0 0 0 0 0 0 1.0 0.0
0 0 0 0 0 0 0 0.6218905472636815 0.0
0 0 0 0 0 0 0 0.5555555555555556 0.0
0 0 0 0 0 0 1 0.8333333333333334 11.3832
0 0 0 0 0 1 1 0.6218905472636815 42.501301
0 0 0 0 0 1 1 0.5555555555555556 56.747799
0 0 0 0 1 1 1 0.8333333333333334 154.369003
0 0 1 1 1 1 1 1.0 215.166
0 0 0 0 0 0 0 2.0 0.0
0 0 0 0 0 0 0 0.5868544600938967 0.0
0 0 0 1 1 1 1 0.5555555555555556 120.695999
0 0 0 0 0 1 1 1.4992503748125936 88.590302
0 0 1 1 1 1 1 1.4992503748125936 309.306
0 0 0 0 1 1 1 0.8333333333333334 131.134995
0 0 0 0 0 0 1 1.0 12.1785
0 0 0 1 1 1 1 0.5868544600938967 122.719002
0 0 0 0 0 0 0 0.7153075822603719 0.0
0 0 0 0 0 0 1 0.5555555555555556 12.7959
0 0 0 0 0 1 1 0.5555555555555556 51.328602
0 0 0 0 0 0 1 1.0 12.5619
0 0 0 1 1 1 1 0.8333333333333334 154.664001
0 0 0 0 0 1 1 0.7153075822603719 58.861401
0 0 0 1 1 1 1 0.5868544600938967 122.373001
0 0 1 1 1 1 1 0.5868544600938967 143.078003
0 0 0 0 0 0 0 0.6613756613756614 0.0
0 0 0 0 0 0 0 0.8333333333333334 0.0
0 0 0 1 1 1 1 0.5868544600938967 123.080002
0 0 0 0 1 1 1 1.4992503748125936 220.667007
0 0 0 0 0 0 0 1.0 0.0
0 0 0 0 1 1 1 0.5555555555555556 101.461998
0 0 0 0 0 0 0 0.5555555555555556 0.0
0 0 0 0 0 0 0 0.6218905472636815 0.0
0 1 1 1 1 1 1 0.6218905472636815 180.623001
0 0 0 1 1 1 1 1.4992503748125936 261.653992
0 0 0 0 0 0 1 1.4992503748125936 15.1589
0 0 0 0 0 1 1 2.0 102.560997
0 0 0 0 0 0 0 0.5868544600938967 0.0
0 0 0 0 0 0 1 1.4992503748125936 15.7261
0 0 0 0 0 0 0 0.8333333333333334 0.0
0 0 0 0 0 1 1 0.5868544600938967 52.6754
0 0 0 0 0 0 0 0.7153075822603719 0.0
0 0 0 0 0 0 1 0.6613756613756614 10.6518
0 0 0 0 0 1 1 1.0 69.3619
0 0 0 0 0 0 1 0.5868544600938967 7.74018
0 0 0 0 0 1 1 2.0 103.942001
0 0 0 0 0 1 1 1.0 64.851402
0 0 0 0 0 0 0 1.4992503748125936 0.0
0 0 0 0 0 0 1 0.8333333333333334 9.87676
0 0 0 0 0 1 1 0.6613756613756614 58.812302
0 0 0 1 1 1 1 0.5868544600938967 136.785995
0 0 0 0 0 1 1 1.0 65.3517
0 0 0 1 1 1 1 0.5555555555555556 117.328003
0 0 0 0 0 0 0 1.0 0.0
0 0 0 0 1 1 1 1.4992503748125936 222.783997
0 0 0 1 1 1 1 0.7153075822603719 140.251999
0 0 0 0 0 0 1 1.4992503748125936 15.5505
0 0 0 0 0 1 1 0.6218905472636815 55.701801
0 0 0 0 1 1 1 0.6218905472636815 108.075996
0 0 0 0 0 0 0 0.7153075822603719 0.0
0 0 0 0 0 0 0 0.5555555555555556 0.0
0 0 0 1 1 1 1 2.0 342.110992
0 0 0 0 0 0 1 2.0 19.9669
0 0 0 0 0 1 1 0.8333333333333334 61.762299
0 0 0 0 1 1 1 1.4992503748125936 220.186005
0 0 1 1 1 1 1 0.6218905472636815 150.136002
0 0 0 0 0 0 1 0.5555555555555556 8.69726
0 0 0 0 0 1 1 1.4992503748125936 79.420799
0 0 0 0 0 1 1 2.0 105.694
0 0 0 0 0 0 0 2.0 0.0
0 0 0 0 0 0 0 1.4992503748125936 0.0
0 0 0 0 1 1 1 0.5555555555555556 101.447998
0 0 0 0 1 1 1 0.5868544600938967 103.081001
0 0 0 0 0 0 1 2.0 19.2883
0 0 0 0 0 0 0 0.8333333333333334 0.0
1 1 1 1 1 1 1 0.8333333333333334 333.621002
0 0 0 0 0 1 1 1.4992503748125936 82.954498
0 0 0 0 0 0 0 2.0 0.0
0 0 0 0 0 0 0 0.6613756613756614 0.0
0 0 0 1 1 1 1 0.8333333333333334 158.925003
0 0 0 0 0 0 1 0.5555555555555556 8.06113
0 0 0 0 1 1 1 0.6613756613756614 147.229996
0 0 0 0 0 0 1 0.6613756613756614 12.6857
0 0 0 1 1 1 1 1.0 181.550003
0 0 0 0 0 0 0 0.6613756613756614 0.0
0 0 0 0 0 1 1 2.0 104.642998
0 0 0 0 0 1 1 0.6613756613756614 57.5429
0 0 1 1 1 1 1 0.5555555555555556 139.645996
0 0 0 0 0 0 0 0.7153075822603719 0.0
0 0 0 0 0 0 0 0.6218905472636815 0.0
0 1 1 1 1 1 1 2.0 495.208008
0 0 0 0 1 1 1 1.4992503748125936 215.839005
1 1 1 1 1 1 1 0.8333333333333334 335.10199
0 0 0 0 0 0 1 0.6218905472636815 8.16693
0 0 0 0 0 0 0 2.0 0.0
0 0 1 1 1 1 1 0.5868544600938967 160.154999
0 0 0 1 1 1 1 0.5555555555555556 135.360001
0 0 0 0 0 1 1 1.0 67.099899
0 0 0 1 1 1 1 0.6613756613756614 131.121002
0 0 0 0 0 0 0 0.6613756613756614 0.0
0 0 0 0 0 1 1 0.5555555555555556 35.332298
0 0 0 0 0 0 1 1.0 14.6598
0 0 1 1 1 1 1 1.0 214.878998
0 0 1 1 1 1 1 0.5555555555555556 139.363998
0 0 1 1 1 1 1 0.7153075822603719 167.979004
0 0 0 0 0 0 1 1.4992503748125936 15.5501
0 0 0 0 0 1 1 2.0 110.461998
0 0 0 1 1 1 1 1.0 179.660004
1 1 1 1 1 1 1 1.4992503748125936 573.106995
0 0 0 1 1 1 1 0.5555555555555556 119.003998
0 0 0 1 1 1 1 0.5555555555555556 118.636002
0 1 1 1 1 1 1 0.6218905472636815 178.218994
0 0 1 1 1 1 1 0.5555555555555556 139.434998
0 0 0 0 0 1 1 1.4992503748125936 79.771103
0 0 1 1 1 1 1 0.6218905472636815 148.723999
0 0 0 1 1 1 1 0.8333333333333334 155.694
0 0 0 0 0 0 1 2.0 24.2533
1 1 1 1 1 1 1 0.5555555555555556 247.007004
0 0 0 0 0 1 1 0.5555555555555556 51.604099
0 0 0 0 0 1 1 0.8333333333333334 53.645199
0 0 0 0 0 0 1 0.6218905472636815 7.66539
0 0 0 0 0 0 0 0.6613756613756614 0.0
0 0 0 0 0 0 0 0.6613756613756614 0.0
0 0 0 0 0 1 1 0.7153075822603719 47.733299
0 0 0 1 1 1 1 1.0 180.701996
0 1 1 1 1 1 1 1.0 257.631012
0 0 0 0 0 0 0 0.5868544600938967 0.0
0 0 0 1 1 1 1 1.0 180.701996
0 0 0 0 1 1 1 0.7153075822603719 154.449997
0 0 0 0 1 1 1 0.5555555555555556 100.877998
0 0 0 0 0 0 1 1.0 10.9705
0 0 0 1 1 1 1 0.5555555555555556 141.600998
0 0 0 1 1 1 1 0.6218905472636815 127.107002
0 0 0 0 0 0 1 0.6613756613756614 9.31311
0 0 0 0 0 0 1 1.4992503748125936 17.834
0 0 0 1 1 1 1 0.6613756613756614 131.251007
0 0 0 0 0 0 0 0.5555555555555556 0.0
0 0 0 0 1 1 1 0.6218905472636815 110.794998
0 0 0 0 1 1 1 1.0 151.011993
0 0 0 0 0 0 1 0.5868544600938967 9.04158
0 0 0 0 0 0 0 0.8333333333333334 0.0
0 0 0 0 0 1 1 2.0 109.835999
0 0 0 0 0 0 1 0.6613756613756614 15.803
0 0 0 0 0 0 1 0.7153075822603719 9.86427
0 0 0 0 0 0 1 0.6613756613756614 13.8294
0 0 0 0 0 1 1 0.6218905472636815 45.340401
0 0 0 1 1 1 1 1.4992503748125936 262.764008
0 0 0 0 0 0 1 0.7153075822603719 9.25726
0 0 0 0 0 1 1 0.8333333333333334 59.562099
0 0 0 0 0 1 1 1.0 66.079803
0 0 0 1 1 1 1 0.5555555555555556 135.311996
0 0 0 1 1 1 1 0.5555555555555556 121.841003
0 0 0 0 0 0 1 0.8333333333333334 9.98985
0 0 0 0 1 1 1 1.0 153.819
0 0 0 0 0 0 0 0.6613756613756614 0.0
0 0 1 1 1 1 1 2.0 412.450012
0 0 0 0 0 0 0 0.5555555555555556 0.0
0 0 0 0 0 1 1 0.6218905472636815 58.514099
0 0 0 0 0 0 0 0.5868544600938967 0.0
0 0 1 1 1 1 1 0.6218905472636815 150.563004
0 0 0 0 1 1 1 1.0 151.761002
0 1 1 1 1 1 1 0.6613756613756614 187.552002
0 0 0 0 0 0 1 0.6218905472636815 8.48583
0 0 0 0 0 1 1 2.0 105.410004
0 0 0 0 1 1 1 0.7153075822603719 116.649002
0 0 0 0 0 1 1 0.8333333333333334 51.980099
0 0 0 0 1 1 1 0.5555555555555556 100.127998
0 0 0 0 0 0 1 2.0 22.7756
0 0 0 0 0 0 1 1.0 11.3561
0 0 0 0 0 0 1 0.6613756613756614 8.19063
0 0 1 1 1 1 1 0.7153075822603719 164.141998
0 0 0 0 0 0 0 0.6218905472636815 0.0
0 0 0 0 0 0 0 1.4992503748125936 0.0
0 0 0 1 1 1 1 0.6218905472636815 127.700996
0 0 0 0 0 0 0 0.8333333333333334 0.0
0 0 0 0 0 0 1 0.6218905472636815 7.09898
0 0 1 1 1 1 1 0.5868544600938967 197.408005
0 0 0 0 0 1 1 0.5868544600938967 50.916801
0 0 0 0 0 0 1 1.0 10.5546
0 0 0 0 0 0 1 1.4992503748125936 14.9913
0 0 0 0 1 1 1 0.5555555555555556 101.843002
0 0 0 0 0 0 0 0.7153075822603719 0.0
0 0 0 0 0 0 0 0.8333333333333334 0.0
0 0 0 0 0 0 0 0.5868544600938967 0.0
0 0 0 0 0 0 1 1.4992503748125936 18.170099
0 0 0 0 0 1 1 0.5555555555555556 50.628201
0 0 0 1 1 1 1 1.0 185.936996
0 0 0 0 0 0 0 2.0 0.0
0 0 1 1 1 1 1 2.0 404.626007
0 0 0 0 1 1 1 1.0 150.121994
0 0 0 0 1 1 1 0.6218905472636815 107.981003
0 0 0 0 0 1 1 0.5868544600938967 59.391499
0 0 0 1 1 1 1 2.0 344.15799
0 0 0 0 0 0 0 2.0 0.0
0 0 0 0 0 0 0 0.6613756613756614 0.0
0 0 0 0 0 1 1 2.0 102.153999
0 0 0 0 1 1 1 1.4992503748125936 217.671005
0 0 1 1 1 1 1 2.0 410.76001
0 0 0 0 0 0 1 2.0 19.1549
0 0 0 1 1 1 1 1.4992503748125936 258.807007
0 0 0 0 0 0 1 1.0 13.0413
0 0 1 1 1 1 1 0.6613756613756614 201.664001
0 0 0 0 0 0 1 0.7153075822603719 10.3898
0 0 0 1 1 1 1 0.8333333333333334 156.069
0 0 0 0 0 0 0 0.6218905472636815 0.0
0 0 1 1 1 1 1 1.0 215.748001
0 0 0 0 0 0 0 1.0 0.0
0 0 0 0 0 0 0 2.0 0.0
0 0 0 1 1 1 1 0.8333333333333334 175.916
0 0 0 0 0 0 0 2.0 0.0
0 0 0 0 0 1 1 1.0 58.023399
0 0 0 0 0 0 1 0.5868544600938967 8.54124
0 0 0 0 0 0 1 0.7153075822603719 10.7264
0 0 0 0 0 1 1 0.5555555555555556 43.180901
0 0 0 0 0 0 0 0.5555555555555556 0.0
0 0 0 0 1 1 1 1.0 150.337006
0 0 0 0 0 0 0 0.7153075822603719 0.0
0 1 1 1 1 1 1 0.5555555555555556 167.037994
0 0 0 0 0 0 0 1.0 0.0
0 0 0 0 0 0 1 0.8333333333333334 12.3378
0 0 0 0 0 1 1 0.6218905472636815 50.774399
0 0 0 0 0 1 1 0.8333333333333334 54.879601
0 0 0 0 0 1 1 2.0 104.987999
0 0 0 0 0 0 1 0.6613756613756614 10.3503
0 0 0 0 0 0 0 0.7153075822603719 0.0
0 0 0 1 1 1 1 0.6613756613756614 131.044006
0 0 1 1 1 1 1 2.0 415.354004
0 0 1 1 1 1 1 0.5868544600938967 144.869003
0 0 0 0 0 0 0 0.6218905472636815 0.0
0 0 0 0 0 1 1 0.5868544600938967 53.911098
0 0 0 0 0 1 1 2.0 106.059998
0 0 0 0 1 1 1 0.6613756613756614 110.417
0 0 0 0 0 0 1 0.6613756613756614 10.7981
0 0 0 0 0 1 1 1.0 60.268799
0 0 0 0 0 1 1 1.4992503748125936 83.441002
0 0 0 0 0 0 0 2.0 0.0
0 0 0 0 0 1 1 1.4992503748125936 79.462502
0 0 0 0 0 1 1 0.6218905472636815 60.0341
0 0 1 1 1 1 1 0.6613756613756614 155.981003
0 0 0 0 0 0 1 0.7153075822603719 8.96017
0 0 0 0 1 1 1 2.0 283.694
0 0 0 0 1 1 1 0.7153075822603719 117.669998
0 0 0 0 0 0 0 0.5555555555555556 0.0
0 0 0 1 1 1 1 1.4992503748125936 261.832001
0 0 0 0 1 1 1 1.0 153.781998
0 0 0 0 0 1 1 1.0 66.902397
0 0 0 0 0 1 1 0.5868544600938967 45.898701
0 0 0 0 0 1 1 0.8333333333333334 50.4216
0 0 0 0 0 1 1 0.5555555555555556 52.187302
0 0 0 0 1 1 1 1.4992503748125936 228.804001
0 0 0 0 1 1 1 0.5555555555555556 117.132004
0 0 0 0 1 1 1 0.8333333333333334 129.703003
0 0 0 0 0 0 1 1.4992503748125936 17.833401
0 0 0 0 0 1 1 1.0 55.319599
0 0 0 0 0 0 0 0.6218905472636815 0.0
0 0 0 0 0 1 1 1.4992503748125936 86.013901
0 0 0 0 0 0 0 1.4992503748125936 0.0
0 0 0 0 0 0 1 0.7153075822603719 9.06799
0 0 0 1 1 1 1 1.4992503748125936 264.237
0 0 0 0 0 1 1 2.0 100.629997
0 0 0 0 0 0 0 1.4992503748125936 0.0
0 1 1 1 1 1 1 0.8333333333333334 221.582993
0 0 1 1 1 1 1 0.5868544600938967 143.149002
0 0 0 0 0 0 0 0.6218905472636815 0.0
0 0 0 0 0 0 1 1.0 10.4956
0 0 0 0 0 0 1 0.7153075822603719 13.1982
0 0 0 0 0 0 0 0.5868544600938967 0.0
0 0 0 1 1 1 1 0.8333333333333334 177.628998
0 0 0 0 0 1 1 0.8333333333333334 43.994598
0 0 0 0 0 0 1 0.5555555555555556 12.9654
0 0 0 0 0 0 1 0.5555555555555556 7.67137
0 0 0 0 0 1 1 0.5555555555555556 57.540001
0 0 0 0 1 1 1 0.5555555555555556 100.130997
0 0 0 0 0 0 0 1.4992503748125936 0.0
0 0 0 0 1 1 1 0.8333333333333334 130.742996
0 0 0 0 0 1 1 0.6613756613756614 60.6329
0 0 1 1 1 1 1 0.8333333333333334 184.889999
0 0 0 0 0 0 0 0.6613756613756614 0.0
0 0 0 1 1 1 1 0.6218905472636815 126.538002
0 1 1 1 1 1 1 0.7153075822603719 197.209
0 0 0 0 0 1 1 0.6218905472636815 43.367599
0 0 0 1 1 1 1 0.6613756613756614 131.800003
0 0 0 0 0 1 1 1.0 60.1161
0 0 0 0 0 1 1 0.5555555555555556 45.009602
0 1 1 1 1 1 1 0.5555555555555556 167.565002
1 1 1 1 1 1 1 1.0 391.709991
0 0 0 1 1 1 1 0.8333333333333334 155.725998
0 0 0 0 1 1 1 0.5868544600938967 104.007004
0 0 0 0 0 0 0 1.0 0.0
0 0 0 0 0 1 1 0.7153075822603719 59.789799
0 0 0 0 0 0 0 0.5555555555555556 0.0
0 0 0 0 1 1 1 0.6218905472636815 107.363998
0 0 0 0 0 1 1 0.8333333333333334 61.463501
0 0 0 0 0 0 0 0.8333333333333334 0.0
1 1 1 1 1 1 1 0.7153075822603719 297.078003
0 0 0 0 0 0 0 2.0 0.0
0 0 0 1 1 1 1 0.8333333333333334 156.979996
0 0 0 0 0 0 1 0.8333333333333334 8.4409
0 0 0 0 0 0 1 0.5555555555555556 8.42697
0 0 0 0 0 0 1 0.8333333333333334 9.21732
0 0 0 0 0 0 1 0.5555555555555556 8.10698
0 0 0 0 1 1 1 0.8333333333333334 131.669006
0 0 0 0 0 0 1 0.8333333333333334 9.98139
0 0 0 0 0 1 1 0.7153075822603719 60.879002
0 0 0 0 0 0 1 0.6613756613756614 7.49343
0 0 0 0 1 1 1 2.0 281.34201
0 0 0 0 0 0 0 0.6218905472636815 0.0
0 0 0 0 0 0 0 2.0 0.0
0 0 0 0 1 1 1 0.5868544600938967 105.842003
0 0 1 1 1 1 1 0.8333333333333334 185.164001
0 0 0 0 0 0 1 1.0 10.8283
0 0 0 0 0 0 0 1.0 0.0
0 0 0 0 1 1 1 0.5868544600938967 105.884003
0 0 0 0 0 0 1 0.6613756613756614 8.91274
0 0 0 0 0 1 1 0.8333333333333334 61.685299
0 0 0 1 1 1 1 0.5868544600938967 123.207001
0 0 0 0 0 1 1 2.0 109.015999
0 0 0 0 0 0 1 0.5555555555555556 8.42013
0 0 0 1 1 1 1 1.0 182.453003
0 0 0 0 0 0 0 0.7153075822603719 0.0
0 0 0 0 1 1 1 0.5555555555555556 99.7127
0 0 0 0 0 0 0 0.5868544600938967 0.0
0 0 1 1 1 1 1 0.6218905472636815 151.727005
0 0 0 0 0 1 1 0.7153075822603719 43.6441
1 1 1 1 1 1 1 0.7153075822603719 296.60199
0 0 0 0 0 1 1 0.5555555555555556 56.9412
0 0 0 0 1 1 1 0.6218905472636815 106.845001
0 0 0 0 0 0 0 0.6613756613756614 0.0
0 0 0 0 0 0 0 0.6218905472636815 0.0
0 0 0 0 0 1 1 0.6613756613756614 58.831902
0 0 0 0 0 0 0 0.6613756613756614 0.0
0 0 0 0 1 1 1 1.0 155.326996
0 1 1 1 1 1 1 1.4992503748125936 375.381012
0 0 0 0 1 1 1 0.6218905472636815 149.080994
0 0 0 0 0 1 1 0.6613756613756614 60.728199
0 1 1 1 1 1 1 1.0 259.290009
0 0 0 0 0 1 1 0.7153075822603719 38.4851
0 0 0 0 0 0 0 1.4992503748125936 0.0
0 0 0 0 0 0 0 0.5555555555555556 0.0
0 0 0 0 0 0 0 0.8333333333333334 0.0
0 0 0 1 1 1 1 2.0 347.514008
0 0 0 0 1 1 1 0.6613756613756614 110.884003
0 0 0 0 0 0 1 0.5868544600938967 9.6858
0 0 0 0 0 0 0 0.8333333333333334 0.0
0 0 1 1 1 1 1 0.6218905472636815 150.942001
0 0 0 0 0 0 0 0.6613756613756614 0.0
0 0 0 0 0 0 0 1.4992503748125936 0.0
0 0 0 0 0 0 1 1.4992503748125936 15.6333
0 0 0 0 0 0 0 0.8333333333333334 0.0
0 0 0 0 0 0 1 0.7153075822603719 8.95479
0 0 0 0 1 1 1 1.0 150.494003
0 0 0 0 1 1 1 0.5555555555555556 99.569199
0 0 0 0 0 1 1 0.6218905472636815 58.3713
0 0 0 1 1 1 1 2.0 343.39801
0 0 0 0 0 0 0 0.7153075822603719 0.0
0 0 0 0 1 1 1 2.0 288.450989
0 0 0 0 0 0 0 0.5555555555555556 0.0
0 0 0 0 0 0 1 1.4992503748125936 18.6724
0 0 0 0 0 0 0 0.5555555555555556 0.0
0 0 0 0 1 1 1 0.8333333333333334 131.813004
0 0 0 0 0 1 1 2.0 109.093002
0 0 0 0 0 1 1 1.0 69.528603
0 0 0 0 0 0 0 0.5555555555555556 0.0
0 0 0 0 0 0 0 0.8333333333333334 0.0
0 0 0 0 1 1 1 1.4992503748125936 216.550003
0 0 0 0 0 0 1 0.8333333333333334 11.297
0 0 0 0 0 1 1 0.6613756613756614 37.114201
0 0 0 0 0 1 1 0.6218905472636815 54.2481
0 0 1 1 1 1 1 0.7153075822603719 165.809998
0 0 0 0 0 0 0 1.0 0.0
0 0 0 0 0 0 1 0.6218905472636815 8.55679
0 0 1 1 1 1 1 0.8333333333333334 189.134003
0 0 0 0 0 0 0 1.4992503748125936 0.0
0 0 0 0 0 1 1 2.0 100.921997
0 0 0 0 0 0 0 0.5868544600938967 0.0
0 0 0 0 1 1 1 2.0 287.433014
0 0 0 0 0 0 1 0.7153075822603719 7.46209
0 0 0 0 0 0 1 0.6218905472636815 9.2378
0 0 0 0 1 1 1 0.6218905472636815 108.185997
0 0 1 1 1 1 1 0.8333333333333334 188.610001
0 0 0 0 0 0 0 0.6218905472636815 0.0
0 0 0 0 0 0 0 0.6613756613756614 0.0
0 0 0 0 1 1 1 0.5868544600938967 104.698997
0 0 0 0 0 1 1 1.4992503748125936 84.233002
0 0 0 0 1 1 1 2.0 287.604004
0 0 0 0 0 0 0 0.8333333333333334 0.0
0 1 1 1 1 1 1 1.0 255.220993
0 0 1 1 1 1 1 0.5868544600938967 147.229996
0 0 0 0 1 1 1 1.4992503748125936 218.550003
0 0 0 0 0 1 1 0.6218905472636815 60.476398
0 0 0 0 1 1 1 2.0 282.631012
0 0 0 1 1 1 1 0.5868544600938967 122.024002
0 0 0 0 0 0 1 2.0 19.413099
0 0 0 0 0 0 1 0.5868544600938967 7.52027
0 0 0 0 0 0 0 0.6218905472636815 0.0
0 0 1 1 1 1 1 0.8333333333333334 187.860001
0 0 0 0 0 0 1 0.7153075822603719 9.81961
0 0 0 0 0 0 0 1.4992503748125936 0.0
0 0 0 0 1 1 1 2.0 290.200012
0 0 0 1 1 1 1 1.0 179.981995
0 0 0 0 1 1 1 1.4992503748125936 216.253006
0 0 0 0 0 1 1 1.0 67.204597
0 0 0 0 0 1 1 2.0 111.244003
0 0 0 0 1 1 1 1.0 152.591003
0 0 0 0 0 0 0 0.7153075822603719 0.0
0 0 0 0 0 0 1 0.5868544600938967 8.22163
0 0 0 0 0 1 1 0.8333333333333334 60.098099
0 0 0 0 1 1 1 0.6218905472636815 106.759003
0 0 0 0 1 1 1 1.0 162.018997
0 0 0 0 0 1 1 0.7153075822603719 55.7967
0 0 0 0 1 1 1 2.0 288.335999
0 0 0 0 0 1 1 0.5868544600938967 58.024502
0 0 0 0 1 1 1 0.8333333333333334 134.181
0 0 1 1 1 1 1 1.0 216.365005
0 1 1 1 1 1 1 2.0 489.614014
0 0 0 0 0 1 1 0.8333333333333334 59.453098
0 0 0 0 0 0 1 0.5555555555555556 9.98354
0 0 1 1 1 1 1 0.6218905472636815 150.807999
0 0 0 0 0 0 1 0.7153075822603719 12.0999
0 0 0 0 0 0 0 0.7153075822603719 0.0
0 0 0 0 1 1 1 0.5555555555555556 100.259003
0 0 0 0 0 0 0 0.7153075822603719 0.0
0 0 0 0 0 1 1 1.0 59.368599
0 0 0 0 0 0 0 0.5868544600938967 0.0
0 0 0 1 1 1 1 0.6613756613756614 136.473007
0 0 0 1 1 1 1 1.0 181.552002
0 0 0 0 0 0 1 0.5555555555555556 9.68791
0 0 0 0 0 1 1 0.7153075822603719 60.173302
0 0 0 0 0 1 1 0.7153075822603719 55.6703
0 1 1 1 1 1 1 0.5868544600938967 173.613007
0 0 0 0 0 0 0 0.5868544600938967 0.0
0 0 0 0 0 0 0 1.0 0.0
0 0 0 0 0 0 0 0.5868544600938967 0.0
0 0 0 0 0 1 1 0.7153075822603719 58.871799
1 1 1 1 1 1 1 0.6613756613756614 278.472992
0 0 0 0 0 0 0 0.6613756613756614 0.0
0 0 0 0 1 1 1 0.6613756613756614 122.239998
0 0 0 0 0 1 1 0.6613756613756614 58.374599
0 0 0 0 0 1 1 0.6613756613756614 60.184399
0 0 0 0 0 1 1 0.5555555555555556 59.441502
0 0 0 0 0 1 1 0.7153075822603719 56.148499
0 0 0 0 0 0 1 0.8333333333333334 11.172
0 0 0 1 1 1 1 1.4992503748125936 258.872986
0 0 1 1 1 1 1 1.0 216.623993
0 0 0 0 0 1 1 0.7153075822603719 60.477299
0 0 1 1 1 1 1 0.8333333333333334 185.662994
0 0 0 0 0 0 0 0.7153075822603719 0.0
0 0 0 0 0 0 0 1.0 0.0
0 0 0 0 0 0 1 0.7153075822603719 8.955
0 1 1 1 1 1 1 1.4992503748125936 376.660004
0 0 0 0 0 0 1 0.6218905472636815 7.93371
0 0 0 0 0 0 1 0.7153075822603719 8.93077
0 0 0 0 0 0 0 2.0 0.0
0 0 0 0 1 1 1 2.0 281.848999
0 0 0 0 1 1 1 0.5555555555555556 103.012001
0 0 0 0 0 1 1 0.6218905472636815 45.756302
0 0 0 1 1 1 1 0.6613756613756614 131.753006
0 0 0 0 0 1 1 0.5868544600938967 56.642502
0 0 0 0 0 0 1 0.5868544600938967 11.9861
0 0 0 0 0 0 1 0.5555555555555556 12.3873
0 0 1 1 1 1 1 0.5868544600938967 146.104996
0 0 0 0 0 1 1 0.7153075822603719 48.248699
0 0 0 0 0 0 0 0.5555555555555556 0.0
0 0 0 0 1 1 1 0.5868544600938967 103.277
0 0 0 0 1 1 1 0.6613756613756614 111.161003
0 0 0 0 0 1 1 0.5555555555555556 44.190498
0 0 0 0 1 1 1 1.0 154.363998
0 0 1 1 1 1 1 1.4992503748125936 309.652008
0 0 0 0 1 1 1 0.8333333333333334 135.403
0 0 0 0 0 0 0 2.0 0.0
0 0 0 0 0 0 1 0.8333333333333334 10.2936
0 0 0 0 0 0 1 0.6613756613756614 8.14712
0 0 0 0 0 0 0 0.5555555555555556 0.0
0 0 0 0 0 0 1 0.5555555555555556 7.05847
0 1 1 1 1 1 1 1.4992503748125936 372.498993
0 0 0 0 1 1 1 1.0 152.151993
0 0 0 0 1 1 1 0.6218905472636815 110.516998
0 0 0 0 0 0 1 0.6613756613756614 9.16142
0 0 0 0 0 0 0 0.5868544600938967 0.0
0 0 0 0 0 1 1 0.8333333333333334 52.913601
0 0 0 0 0 0 0 0.6218905472636815 0.0
0 0 0 1 1 1 1 0.6613756613756614 131.498993
0 0 0 0 1 1 1 0.6613756613756614 148.158997
0 0 0 0 1 1 1 0.6218905472636815 107.167
0 0 0 1 1 1 1 0.6218905472636815 128.848007
0 1 1 1 1 1 1 0.6218905472636815 191.460007
0 0 0 1 1 1 1 2.0 344.302002
0 0 0 1 1 1 1 0.6613756613756614 169.688995
0 0 0 0 0 0 0 0.6218905472636815 0.0
0 0 0 0 0 1 1 2.0 104.717003
0 0 0 0 0 0 0 2.0 0.0
0 0 1 1 1 1 1 0.5555555555555556 140.044006
0 0 0 0 0 1 1 1.4992503748125936 85.9254
0 0 0 0 0 1 1 1.0 64.3405
0 0 0 0 1 1 1 0.5555555555555556 99.312401
0 0 0 0 0 0 1 0.5868544600938967 8.26884
0 0 0 0 1 1 1 0.6613756613756614 110.806999
0 0 0 0 0 0 1 2.0 21.636999
0 0 0 0 1 1 1 0.6613756613756614 110.816002
0 0 0 0 0 0 1 1.4992503748125936 15.2984
0 1 1 1 1 1 1 0.6613756613756614 186.813995
0 0 0 0 0 1 1 0.8333333333333334 52.5937
0 0 0 0 0 1 1 0.5868544600938967 32.7323
0 0 0 0 0 0 1 2.0 19.867001
0 0 1 1 1 1 1 0.7153075822603719 164.636002
0 0 0 0 0 0 1 0.6613756613756614 8.80677
0 0 0 0 0 0 1 0.6218905472636815 8.12122
0 0 0 1 1 1 1 1.0 181.850006
0 0 0 0 0 0 0 0.6613756613756614 0.0
0 0 0 1 1 1 1 0.6613756613756614 131.117004
0 0 0 0 0 0 1 0.8333333333333334 10.8403
0 0 0 0 1 1 1 1.4992503748125936 217.628006
0 0 1 1 1 1 1 0.5868544600938967 144.335007
0 0 0 0 0 0 1 1.4992503748125936 19.306299
0 0 0 0 1 1 1 0.6218905472636815 106.362
0 0 0 0 0 0 1 0.5868544600938967 8.12403
0 0 0 0 1 1 1 1.4992503748125936 215.723007
1 1 1 1 1 1 1 1.0 394.367004
0 0 0 0 0 0 1 0.5555555555555556 8.89297
0 0 0 0 0 0 1 0.5868544600938967 10.2641
0 0 0 0 0 0 1 0.6613756613756614 9.5869
0 0 1 1 1 1 1 2.0 414.480011
0 0 0 0 1 1 1 0.5555555555555556 99.482697
0 0 0 0 0 0 0 0.6613756613756614 0.0
0 0 0 0 0 0 1 0.5868544600938967 8.22066
0 0 0 0 0 0 1 0.6613756613756614 9.13723
0 0 0 0 0 1 1 0.5555555555555556 40.409599
0 0 1 1 1 1 1 0.8333333333333334 207.451004
0 0 0 0 0 0 1 0.6218905472636815 9.25853
0 0 0 0 0 1 1 0.6613756613756614 56.1222
0 0 0 0 0 0 1 2.0 24.2132
0 0 0 1 1 1 1 0.6218905472636815 129.684998
0 0 0 0 0 0 1 0.5868544600938967 9.01635
0 0 0 0 1 1 1 0.7153075822603719 117.550003
0 0 0 1 1 1 1 0.6218905472636815 126.232002
0 0 0 0 0 1 1 1.0 67.2369
0 0 0 0 0 0 1 0.7153075822603719 10.36
0 0 0 0 1 1 1 0.6218905472636815 110.136002
0 0 0 1 1 1 1 1.0 185.164001
0 0 0 0 0 0 0 0.6613756613756614 0.0
0 0 0 0 0 1 1 0.5555555555555556 52.483101
0 0 0 0 0 1 1 0.5555555555555556 51.2033
0 0 0 0 0 1 1 0.7153075822603719 46.524899
0 0 0 0 0 0 0 2.0 0.0
0 0 0 1 1 1 1 0.6613756613756614 132.746994
0 0 1 1 1 1 1 0.8333333333333334 185.126999
0 0 0 0 0 0 1 1.0 12.5816
0 0 0 0 0 1 1 2.0 103.134003
0 0 0 0 1 1 1 0.7153075822603719 118.313004
0 0 0 0 0 0 0 0.7153075822603719 0.0
0 0 0 1 1 1 1 0.5555555555555556 137.210999
0 0 0 0 0 0 0 1.4992503748125936 0.0
0 0 0 0 0 0 0 0.5555555555555556 0.0
0 0 0 0 1 1 1 0.5868544600938967 104.191002
0 1 1 1 1 1 1 0.6613756613756614 184.009003
0 0 0 0 1 1 1 1.4992503748125936 222.119003
0 1 1 1 1 1 1 0.7153075822603719 196.089005
0 0 0 0 0 0 0 0.6613756613756614 0.0
0 0 0 0 0 0 1 0.6613756613756614 10.211
0 0 0 0 0 1 1 0.6218905472636815 51.319599
0 0 0 0 0 0 1 0.5555555555555556 7.87364
0 0 0 0 0 1 1 0.5555555555555556 56.409302
0 0 0 0 0 0 1 1.0 19.7738
0 0 0 0 0 0 1 0.8333333333333334 10.2909
0 0 0 0 0 0 1 0.6613756613756614 16.6738
0 0 0 0 0 0 0 0.8333333333333334 0.0
0 0 0 0 0 1 1 2.0 101.170998
0 0 0 0 0 0 0 0.6613756613756614 0.0
0 0 0 0 0 0 1 1.4992503748125936 14.7255
0 0 0 0 1 1 1 0.5555555555555556 101.591003
0 0 0 0 1 1 1 0.7153075822603719 118.115997
0 0 0 0 0 0 0 0.7153075822603719 0.0
0 0 0 1 1 1 1 0.5868544600938967 123.806999
0 0 0 0 0 1 1 1.4992503748125936 81.158501
0 0 0 0 1 1 1 2.0 289.608002
0 0 1 1 1 1 1 0.7153075822603719 199.029007
0 0 0 0 0 0 0 0.5555555555555556 0.0
0 0 0 0 0 1 1 2.0 108.639
0 0 0 0 0 0 1 0.7153075822603719 12.8823
0 0 1 1 1 1 1 1.0 217.757996
0 0 0 1 1 1 1 0.7153075822603719 138.406998
0 0 0 0 0 1 1 0.5555555555555556 45.799801
0 0 0 1 1 1 1 1.4992503748125936 268.222992
0 0 0 0 1 1 1 1.4992503748125936 218.320007
0 0 0 0 0 0 0 0.8333333333333334 0.0
0 0 0 0 0 1 1 0.7153075822603719 48.342098
0 1 1 1 1 1 1 0.7153075822603719 199.565994
0 0 0 1 1 1 1 1.4992503748125936 263.205994
0 0 0 0 0 0 0 1.0 0.0
0 0 0 0 0 1 1 1.0 54.076302
0 0 0 0 0 1 1 0.6218905472636815 45.4412
0 0 0 0 0 0 0 1.0 0.0
0 0 0 0 0 0 1 1.4992503748125936 18.0425
0 0 0 1 1 1 1 0.5555555555555556 121.081001
0 0 0 0 0 0 1 0.7153075822603719 10.8619
0 0 0 0 0 0 1 0.7153075822603719 10.5946
0 0 0 0 0 1 1 1.4992503748125936 80.843597
0 0 0 0 0 1 1 1.4992503748125936 86.298698
0 0 0 0 0 0 0 0.5868544600938967 0.0
0 1 1 1 1 1 1 0.5555555555555556 166.998993
0 0 0 0 0 0 0 0.5868544600938967 0.0
1 1 1 1 1 1 1 0.8333333333333334 333.743011
0 0 0 0 0 0 1 1.0 10.5018
0 0 0 0 0 1 1 0.5868544600938967 44.525101
0 0 0 0 0 1 1 1.0 59.790501
0 0 1 1 1 1 1 0.7153075822603719 165.574005
0 0 0 0 0 1 1 0.5555555555555556 43.560799
0 0 0 0 0 1 1 2.0 108.228996
0 0 0 0 1 1 1 0.8333333333333334 129.757004
0 0 0 1 1 1 1 0.5868544600938967 122.718002
0 0 0 0 0 0 0 2.0 0.0
0 0 0 0 1 1 1 2.0 285.455994
0 0 0 1 1 1 1 0.6218905472636815 127.382004
0 0 0 0 1 1 1 0.7153075822603719 123.422997
0 0 0 0 1 1 1 0.8333333333333334 130.328003
0 0 0 0 0 1 1 1.0 66.423897
0 0 0 0 0 0 1 0.5868544600938967 8.08839
0 0 0 1 1 1 1 0.6613756613756614 134.046005
0 0 0 0 0 0 1 0.6218905472636815 10.3246
0 0 0 1 1 1 1 1.4992503748125936 265.209015
0 0 0 0 0 1 1 0.5555555555555556 57.436298
0 1 1 1 1 1 1 0.5868544600938967 171.970993
1 1 1 1 1 1 1 0.7153075822603719 296.375
0 0 0 0 1 1 1 0.6218905472636815 107.848
0 0 0 1 1 1 1 0.6218905472636815 127.346001
0 0 0 0 0 0 0 0.6613756613756614 0.0
0 0 0 0 0 0 1 0.5555555555555556 9.85033
0 0 0 0 0 1 1 2.0 104.527
0 0 0 0 0 0 0 0.5868544600938967 0.0
0 0 0 0 1 1 1 0.6613756613756614 113.962997
0 0 1 1 1 1 1 0.6613756613756614 155.830994
0 0 0 1 1 1 1 1.4992503748125936 276.779999
0 0 0 0 0 1 1 0.6613756613756614 57.836102
0 0 0 0 0 1 1 0.6218905472636815 58.610901
0 0 0 0 0 0 1 0.5555555555555556 8.24782
0 0 0 0 0 0 1 0.6218905472636815 9.71611
0 0 0 0 0 0 1 2.0 21.8727
0 0 0 0 1 1 1 2.0 283.881989
0 0 0 0 0 0 1 0.7153075822603719 11.4153
0 0 0 0 1 1 1 0.5555555555555556 99.819099
0 0 0 0 0 1 1 0.5868544600938967 58.9114
0 0 0 0 0 0 0 0.5868544600938967 0.0
0 0 0 0 1 1 1 1.4992503748125936 219.654999
0 0 0 0 0 0 0 1.0 0.0
0 0 0 0 0 0 1 0.5868544600938967 8.47858
0 0 0 0 0 0 0 0.6613756613756614 0.0
0 0 0 0 0 0 0 0.5868544600938967 0.0
1 1 1 1 1 1 1 0.5868544600938967 256.007996
0 0 0 1 1 1 1 1.4992503748125936 266.010986
0 0 0 0 0 0 0 2.0 0.0
0 1 1 1 1 1 1 0.7153075822603719 197.826996
0 1 1 1 1 1 1 0.5868544600938967 172.576996
0 0 0 0 0 0 0 0.5555555555555556 0.0
0 0 0 0 0 0 1 1.4992503748125936 16.823601
0 0 0 0 0 0 0 2.0 0.0
0 0 0 0 0 0 0 0.8333333333333334 0.0
0 0 0 0 0 0 0 0.5868544600938967 0.0
0 0 0 0 0 1 1 0.8333333333333334 53.159801
0 0 0 0 0 0 0 1.4992503748125936 0.0
0 0 0 0 0 0 0 0.6218905472636815 0.0
0 0 0 1 1 1 1 1.0 185.526993
0 0 0 0 0 1 1 0.5868544600938967 60.2267
0 0 0 0 1 1 1 0.5868544600938967 102.906998
0 0 0 0 0 0 1 0.8333333333333334 10.9488
0 0 0 0 1 1 1 0.6218905472636815 109.199997
0 0 1 1 1 1 1 0.6613756613756614 158.582001
0 0 0 0 0 1 1 0.5868544600938967 44.5285
0 0 0 0 0 1 1 1.4992503748125936 83.1035
0 0 0 0 0 0 0 0.8333333333333334 0.0
0 0 0 0 0 0 0 0.6218905472636815 0.0
0 0 0 0 0 0 0 0.5555555555555556 0.0
0 0 0 1 1 1 1 0.5868544600938967 122.375
0 0 0 0 0 0 0 0.7153075822603719 0.0
0 0 1 1 1 1 1 0.8333333333333334 185.947998
0 0 0 0 0 0 1 0.8333333333333334 9.97384
0 0 0 0 0 1 1 0.6613756613756614 46.980099
0 0 0 0 0 0 0 1.4992503748125936 0.0
0 0 0 0 0 0 0 1.4992503748125936 0.0
0 0 0 0 0 0 1 0.6613756613756614 10.0983
1 1 1 1 1 1 1 1.0 395.497009
0 0 0 0 0 0 0 0.6613756613756614 0.0
0 0 0 0 0 0 1 0.8333333333333334 10.1073
0 0 0 0 0 0 1 0.6613756613756614 7.01563
0 0 0 0 0 0 1 0.5555555555555556 8.36142
0 0 0 0 0 0 1 1.4992503748125936 15.3083
0 0 0 0 0 1 1 1.0 69.415604
0 0 0 0 1 1 1 2.0 289.187012
0 0 0 0 0 1 1 0.6218905472636815 59.2925
0 0 0 0 0 0 0 2.0 0.0
0 0 0 0 0 1 1 2.0 108.263
0 0 1 1 1 1 1 0.7153075822603719 164.507996
0 0 0 0 0 0 1 1.0 11.0231
0 0 0 0 0 0 1 0.6218905472636815 9.59457
0 0 0 0 0 1 1 1.4992503748125936 88.148804
0 0 0 0 1 1 1 0.8333333333333334 130.845993
0 0 0 0 0 0 0 2.0 0.0
0 0 0 0 0 0 1 1.0 10.4946
0 0 0 0 0 0 1 0.5555555555555556 9.16561
0 0 0 0 0 1 1 2.0 109.236
0 0 0 0 0 0 1 0.5555555555555556 7.74492
0 0 0 0 0 1 1 0.6613756613756614 62.0014
0 1 1 1 1 1 1 2.0 492.584991
0 0 0 0 0 1 1 0.6613756613756614 53.788601
0 0 0 0 0 1 1 0.8333333333333334 59.0933
0 0 0 0 0 0 0 0.6613756613756614 0.0
0 0 1 1 1 1 1 0.5555555555555556 141.744995
0 0 0 0 0 0 1 1.4992503748125936 14.9358
0 0 0 0 1 1 1 0.6218905472636815 107.737999
0 0 0 0 1 1 1 1.0 154.904007
0 0 0 1 1 1 1 0.8333333333333334 156.009995
0 0 0 0 0 1 1 2.0 108.230003
0 0 0 0 0 0 0 2.0 0.0
0 0 0 0 0 0 0 0.7153075822603719 0.0
0 0 1 1 1 1 1 0.7153075822603719 171.391006
1 1 1 1 1 1 1 0.7153075822603719 297.118011
0 0 1 1 1 1 1 1.0 219.919006
0 0 0 0 0 0 1 0.8333333333333334 10.3849
0 0 0 1 1 1 1 0.5555555555555556 136.093994
0 0 0 0 0 0 1 0.5868544600938967 9.13041
0 0 0 0 0 0 0 0.8333333333333334 0.0
0 0 0 1 1 1 1 0.5555555555555556 120.230003
0 0 0 0 0 1 1 0.6218905472636815 64.800499
0 0 0 0 0 0 0 1.0 0.0
0 0 0 0 0 1 1 0.6218905472636815 57.687199
0 0 0 0 1 1 1 1.0 151.496002
0 0 0 0 0 0 0 1.0 0.0
0 0 1 1 1 1 1 0.6218905472636815 153.440002
0 0 0 0 1 1 1 0.5868544600938967 104.494003
0 0 0 0 0 1 1 1.4992503748125936 83.662201
0 0 1 1 1 1 1 0.8333333333333334 184.990005
0 0 0 0 0 0 1 0.5868544600938967 9.1007
0 0 0 0 0 0 0 0.7153075822603719 0.0
0 0 0 0 1 1 1 0.7153075822603719 115.908997
0 0 0 1 1 1 1 0.5868544600938967 120.781998
0 0 0 0 0 1 1 0.5868544600938967 32.773201
0 0 0 0 0 1 1 0.5868544600938967 52.6334
0 0 0 0 0 0 1 0.6613756613756614 7.78236
0 0 0 0 0 0 0 0.8333333333333334 0.0
0 0 0 0 0 0 1 0.5555555555555556 7.65183
0 0 0 0 0 1 1 0.5868544600938967 32.823502
0 0 1 1 1 1 1 2.0 413.15799
0 0 0 0 0 0 0 1.4992503748125936 0.0
0 0 0 0 0 1 1 0.7153075822603719 50.9757
0 0 0 0 0 1 1 0.7153075822603719 51.576401
0 0 0 1 1 1 1 0.6613756613756614 140.804001
0 0 0 0 0 1 1 0.8333333333333334 54.700001
0 0 0 0 0 0 0 0.5555555555555556 0.0
0 0 0 0 0 1 1 2.0 106.528
0 0 0 0 0 0 0 0.6218905472636815 0.0
0 0 0 0 0 0 1 0.5868544600938967 11.349
0 1 1 1 1 1 1 0.5555555555555556 166.020996
0 0 0 0 0 0 0 0.5868544600938967 0.0
0 0 0 0 0 1 1 0.5868544600938967 56.959202
0 0 0 0 1 1 1 0.5868544600938967 104.043999
0 0 0 0 0 1 1 0.6218905472636815 58.9804
0 0 0 0 0 0 1 0.5868544600938967 10.0917
0 0 0 0 0 1 1 1.0 76.640999
0 0 0 0 1 1 1 0.5868544600938967 103.843002
0 0 0 0 0 1 1 1.4992503748125936 76.920502
0 0 0 0 1 1 1 0.6218905472636815 106.547997
0 0 0 0 1 1 1 0.7153075822603719 117.495003
0 0 1 1 1 1 1 0.7153075822603719 165.628998
0 0 0 0 0 1 1 0.6613756613756614 46.4659
0 0 0 1 1 1 1 0.5555555555555556 118.892998
0 1 1 1 1 1 1 0.8333333333333334 224.223999
0 0 0 0 0 1 1 0.7153075822603719 58.943802
0 0 0 0 0 0 0 0.7153075822603719 0.0
0 0 1 1 1 1 1 0.6218905472636815 148.723999
0 0 0 0 1 1 1 0.7153075822603719 117.023003
0 0 1 1 1 1 1 0.5868544600938967 143.25
0 0 0 0 0 1 1 1.0 56.2873
0 0 0 0 1 1 1 0.7153075822603719 117.93
0 0 0 0 1 1 1 0.8333333333333334 130.653
0 0 0 0 0 0 1 0.6613756613756614 7.8156
0 0 0 0 0 0 1 0.5555555555555556 9.85281
0 0 0 0 0 0 1 0.5868544600938967 8.67682
0 0 0 1 1 1 1 1.4992503748125936 266.911987
0 1 1 1 1 1 1 0.8333333333333334 222.117004
0 0 0 0 0 1 1 0.5868544600938967 53.806801
0 0 0 0 0 0 0 2.0 0.0
0 0 0 0 0 0 0 0.7153075822603719 0.0
0 0 0 0 1 1 1 0.8333333333333334 130.563995
0 1 1 1 1 1 1 0.5555555555555556 166.660995
0 0 0 0 0 1 1 0.5555555555555556 56.681198
0 0 0 0 1 1 1 2.0 288.984009
0 0 0 0 0 0 0 0.8333333333333334 0.0
0 0 0 0 1 1 1 0.6613756613756614 110.663002
0 0 0 1 1 1 1 0.7153075822603719 139.222
0 0 0 0 1 1 1 1.0 152.007004
0 0 0 0 0 0 1 0.5555555555555556 12.4746
0 0 1 1 1 1 1 0.6613756613756614 157.880997
0 0 0 0 0 0 1 0.6218905472636815 8.33935
0 0 0 0 0 1 1 0.5555555555555556 57.302898
0 0 0 0 1 1 1 0.5555555555555556 100.014
0 0 0 0 0 0 0 0.8333333333333334 0.0
0 0 0 0 0 1 1 0.5555555555555556 43.009899
0 0 0 0 0 0 0 2.0 0.0
0 0 0 0 0 0 0 1.0 0.0
1 1 1 1 1 1 1 0.8333333333333334 332.528992
0 0 0 0 0 0 1 0.5555555555555556 7.83549
0 0 0 0 1 1 1 0.7153075822603719 120.598999
0 0 0 0 1 1 1 0.7153075822603719 119.603996
0 0 0 0 0 1 1 0.5868544600938967 54.106098
0 0 0 0 0 1 1 2.0 108.870003
0 0 0 0 0 0 0 0.5868544600938967 0.0
0 0 0 0 0 0 0 2.0 0.0
0 0 0 0 0 0 0 1.4992503748125936 0.0
0 0 0 0 1 1 1 0.8333333333333334 129.688004
0 0 0 0 0 0 0 0.8333333333333334 0.0
0 1 1 1 1 1 1 1.0 261.222992
0 0 0 0 0 0 1 2.0 19.744699
0 0 0 0 0 0 1 0.7153075822603719 9.20676
0 0 0 1 1 1 1 1.4992503748125936 263.617004
0 0 1 1 1 1 1 0.5555555555555556 140.270004
0 0 0 0 0 0 1 1.4992503748125936 17.7563
0 0 0 0 0 0 1 0.8333333333333334 10.0059
0 0 0 0 0 0 1 0.7153075822603719 9.05675
0 0 0 0 0 0 1 0.5555555555555556 7.78362
0 1 1 1 1 1 1 0.8333333333333334 224.031006
0 0 0 0 0 1 1 0.6218905472636815 34.144798
0 0 0 0 0 0 0 1.4992503748125936 0.0
0 1 1 1 1 1 1 0.5868544600938967 168.832993
0 0 1 1 1 1 1 0.8333333333333334 186.307007
0 0 0 0 0 0 1 1.4992503748125936 18.520399
0 0 0 0 0 0 1 0.5555555555555556 9.77836
0 0 0 0 0 0 1 0.6218905472636815 8.29685
0 0 0 0 0 0 0 0.5555555555555556 0.0
0 0 0 0 0 1 1 1.4992503748125936 80.371002
0 0 0 0 0 0 0 0.6218905472636815 0.0
1 1 1 1 1 1 1 0.8333333333333334 369.587006
0 0 0 0 0 0 0 1.0 0.0
0 0 0 0 0 1 1 2.0 105.438004
0 0 1 1 1 1 1 1.0 217.544006
0 0 0 0 1 1 1 2.0 286.260986
0 0 0 0 0 0 0 0.6218905472636815 0.0
0 0 0 0 0 0 0 1.0 0.0
0 0 0 0 0 0 1 0.8333333333333334 13.643
0 0 0 0 0 0 0 0.6218905472636815 0.0
0 0 0 0 0 0 1 0.8333333333333334 11.9063
0 0 0 0 0 0 0 1.4992503748125936 0.0
0 0 1 1 1 1 1 0.5868544600938967 144.057999
0 0 0 0 0 0 0 0.5868544600938967 0.0
0 0 0 0 0 1 1 0.8333333333333334 57.204399
0 0 0 1 1 1 1 1.4992503748125936 259.19101
0 0 0 0 0 0 0 0.7153075822603719 0.0
0 0 0 0 0 0 1 0.5868544600938967 9.00902
0 0 0 0 0 1 1 0.5555555555555556 45.0872
0 0 0 0 0 0 1 1.0 10.7775
0 0 0 0 0 0 0 0.6613756613756614 0.0
1 1 1 1 1 1 1 0.6613756613756614 278.859009
0 0 0 0 0 1 1 0.5868544600938967 32.7682
0 0 0 0 0 0 0 0.7153075822603719 0.0
0 0 0 1 1 1 1 0.6613756613756614 133.255997
0 0 0 0 1 1 1 2.0 285.931
0 1 1 1 1 1 1 0.6218905472636815 190.237
0 0 0 0 0 0 1 2.0 19.159599
0 0 0 0 1 1 1 1.4992503748125936 215.529999
0 0 0 0 0 0 1 1.4992503748125936 19.743799
0 0 0 0 0 0 0 0.6218905472636815 0.0
0 0 0 0 0 0 1 0.8333333333333334 9.83817
0 0 1 1 1 1 1 0.5555555555555556 141.820007
0 0 0 0 0 0 1 2.0 20.858999
0 1 1 1 1 1 1 0.8333333333333334 222.526001
0 0 0 0 0 0 0 1.0 0.0
0 0 0 0 1 1 1 1.4992503748125936 220.643997
0 0 0 0 0 1 1 1.0 58.191799
0 0 0 0 0 0 1 0.7153075822603719 13.1645
0 0 0 0 1 1 1 1.0 172.399002
0 0 1 1 1 1 1 0.7153075822603719 164.906006
0 0 1 1 1 1 1 0.5555555555555556 140.175995
0 0 1 1 1 1 1 2.0 410.166992
0 0 1 1 1 1 1 0.7153075822603719 165.141006
0 0 0 0 1 1 1 0.5868544600938967 103.126999
0 0 1 1 1 1 1 0.5868544600938967 158.298004
1 1 1 1 1 1 1 1.4992503748125936 566.435974
0 0 0 0 0 0 0 0.5555555555555556 0.0
0 0 0 0 0 1 1 0.6613756613756614 58.272099
0 0 0 0 0 0 1 1.4992503748125936 21.500299
0 0 0 0 0 1 1 1.0 53.476101
0 0 0 0 0 0 1 1.0 9.94774
0 0 0 0 1 1 1 0.7153075822603719 117.153
0 0 0 0 0 0 1 1.4992503748125936 16.7155
0 0 0 0 0 0 1 0.8333333333333334 11.9446
0 0 0 0 0 1 1 0.8333333333333334 63.2388
0 0 0 0 0 0 0 0.5555555555555556 0.0
0 0 0 0 1 1 1 2.0 286.213013
0 1 1 1 1 1 1 0.7153075822603719 199.156998
0 0 0 0 0 0 0 0.8333333333333334 0.0
0 0 1 1 1 1 1 1.0 216.613998
0 0 0 1 1 1 1 1.4992503748125936 263.800995
0 0 0 0 0 0 0 1.4992503748125936 0.0
0 0 1 1 1 1 1 0.6218905472636815 151.591003
1 1 1 1 1 1 1 0.5868544600938967 256.097992
0 0 0 0 1 1 1 0.8333333333333334 132.460999
0 0 0 0 1 1 1 0.5868544600938967 118.448997
0 0 0 0 0 0 0 2.0 0.0
0 0 1 1 1 1 1 0.8333333333333334 205.167999
0 0 0 0 0 0 1 0.8333333333333334 11.4272
0 0 0 0 0 0 0 1.4992503748125936 0.0
0 1 1 1 1 1 1 0.5868544600938967 231.608002
0 0 0 0 0 1 1 0.6613756613756614 54.573399
0 0 0 0 0 0 1 1.4992503748125936 15.7755
0 0 0 0 0 1 1 2.0 104.137001
0 0 0 0 0 1 1 1.0 59.8792
0 0 0 0 0 0 1 0.7153075822603719 10.618
0 1 1 1 1 1 1 0.5555555555555556 168.311005
0 0 0 0 0 0 0 1.4992503748125936 0.0
0 1 1 1 1 1 1 0.6218905472636815 179.072998
0 0 0 0 0 0 1 0.6218905472636815 6.7103
0 0 0 0 0 0 1 0.5555555555555556 7.62214
0 0 0 0 1 1 1 0.7153075822603719 118.589996
0 0 0 0 0 0 1 0.8333333333333334 9.46163
0 0 0 0 0 1 1 0.5555555555555556 31.419001
0 0 0 0 0 0 0 0.8333333333333334 0.0
0 0 0 0 0 1 1 1.0 65.644402
0 0 0 0 0 1 1 0.5868544600938967 59.247299
0 1 1 1 1 1 1 0.7153075822603719 198.220001
0 0 0 0 0 0 1 0.5555555555555556 8.47291
0 0 0 0 0 0 0 0.7153075822603719 0.0
0 1 1 1 1 1 1 0.8333333333333334 222.410995
0 0 0 0 0 0 0 0.6613756613756614 0.0
0 0 0 0 0 1 1 1.0 64.952904
0 0 0 0 0 0 0 0.6218905472636815 0.0
0 0 0 1 1 1 1 0.7153075822603719 176.593994
0 0 0 0 0 0 1 0.5868544600938967 7.9649
0 0 0 0 1 1 1 0.7153075822603719 117.712997
0 0 0 0 0 0 0 2.0 0.0
0 0 1 1 1 1 1 2.0 404.118988
1 1 1 1 1 1 1 0.7153075822603719 304.856995
0 0 0 1 1 1 1 0.5555555555555556 118.605003
0 0 0 1 1 1 1 0.6613756613756614 132.285995
0 0 0 0 0 0 1 0.6218905472636815 9.20815
0 0 0 0 0 0 0 0.6218905472636815 0.0
0 0 0 0 0 0 0 0.8333333333333334 0.0
0 0 0 0 0 1 1 0.7153075822603719 50.6577
0 0 0 0 0 0 0 1.0 0.0
0 0 0 0 0 0 0 0.7153075822603719 0.0
0 0 0 0 0 1 1 0.8333333333333334 58.842098
0 0 0 0 0 1 1 0.8333333333333334 58.711201
0 0 0 0 0 0 0 0.8333333333333334 0.0
0 0 0 0 0 1 1 1.4992503748125936 83.076302
0 0 0 0 0 0 1 1.0 12.7858
0 0 0 0 0 0 1 0.7153075822603719 10.0603
0 0 0 0 0 0 0 1.0 0.0
0 0 0 0 1 1 1 0.5555555555555556 100.888
0 0 0 0 0 0 0 0.7153075822603719 0.0
0 0 0 1 1 1 1 0.5868544600938967 124.901001
0 0 0 1 1 1 1 0.8333333333333334 158.535995
0 1 1 1 1 1 1 0.6218905472636815 180.393997
0 0 0 0 0 1 1 0.6613756613756614 59.968498
0 0 0 0 0 0 1 0.6613756613756614 10.5376
0 0 0 0 1 1 1 0.5868544600938967 117.417999
0 0 0 0 0 0 1 0.5555555555555556 8.00538
0 0 0 0 0 0 0 0.5555555555555556 0.0
0 0 0 0 1 1 1 0.7153075822603719 118.007004
0 0 0 0 0 0 0 1.4992503748125936 0.0
0 0 0 0 0 1 1 0.6218905472636815 43.5042
0 0 0 0 1 1 1 1.0 154.949997
0 1 1 1 1 1 1 0.8333333333333334 221.692993
0 0 0 0 1 1 1 0.8333333333333334 129.988998
0 0 1 1 1 1 1 1.0 224.018997
0 1 1 1 1 1 1 2.0 477.989014
0 0 0 0 0 1 1 0.5555555555555556 41.367699
0 0 0 0 0 0 0 2.0 0.0
0 0 0 0 1 1 1 0.6218905472636815 108.345001
0 0 0 0 0 0 1 0.7153075822603719 8.98431
0 0 0 0 0 0 1 0.6613756613756614 7.0046
0 0 1 1 1 1 1 0.7153075822603719 163.369995
0 0 0 0 0 1 1 0.6613756613756614 58.640202
0 0 0 0 0 0 1 0.6613756613756614 7.00619
0 0 0 0 0 0 0 0.8333333333333334 0.0
0 0 0 0 0 1 1 1.0 55.6628
0 0 0 1 1 1 1 0.7153075822603719 174.274002
0 0 0 0 1 1 1 1.0 154.453995
0 0 0 1 1 1 1 1.0 181.431
0 0 0 0 1 1 1 0.6613756613756614 110.692001
0 0 0 0 0 1 1 0.8333333333333334 60.531898
0 0 0 0 0 0 0 0.5555555555555556 0.0
0 0 0 0 0 0 0 0.6218905472636815 0.0
0 0 0 0 1 1 1 2.0 283.696991
0 0 0 0 0 0 1 0.6613756613756614 8.4692
0 0 0 0 1 1 1 2.0 283.312012
0 0 0 0 0 1 1 0.6613756613756614 54.570999
0 0 0 0 1 1 1 1.0 151.727005
0 0 0 0 0 0 0 1.0 0.0
0 0 0 0 0 0 0 0.5555555555555556 0.0
0 0 0 0 0 0 1 0.6613756613756614 7.96916
0 1 1 1 1 1 1 0.5868544600938967 173.048004
0 1 1 1 1 1 1 0.6613756613756614 187.897995
0 0 0 0 1 1 1 0.6613756613756614 110.773003
0 0 0 0 1 1 1 0.5868544600938967 118.549004
0 0 0 0 0 0 1 1.0 11.4068
0 0 0 0 1 1 1 2.0 289.733002
0 0 0 0 1 1 1 0.5868544600938967 103.138
0 0 0 0 1 1 1 0.6613756613756614 112.472
0 0 0 0 0 0 1 1.4992503748125936 15.2712
0 0 0 0 0 0 0 0.8333333333333334 0.0
0 0 0 0 0 0 1 0.7153075822603719 10.8692
0 0 0 0 1 1 1 0.6613756613756614 152.955002
0 0 0 0 1 1 1 0.7153075822603719 116.654999
0 0 1 1 1 1 1 0.8333333333333334 186.824997
0 0 0 0 0 1 1 0.6218905472636815 45.415401
0 0 0 0 1 1 1 0.7153075822603719 119.553001
0 0 0 1 1 1 1 0.5868544600938967 122.164001
0 0 0 0 0 0 1 1.0 10.869
0 0 0 0 1 1 1 2.0 289.307007
0 0 0 0 1 1 1 0.7153075822603719 116.260002
0 0 0 0 0 0 0 0.5555555555555556 0.0
0 1 1 1 1 1 1 1.0 257.584015
0 1 1 1 1 1 1 2.0 492.113007
0 0 0 0 1 1 1 1.4992503748125936 217.121994
0 0 0 0 0 0 0 1.0 0.0
0 0 0 0 1 1 1 2.0 288.279999
0 0 0 0 0 1 1 0.6218905472636815 60.1231
0 0 0 0 0 1 1 0.5555555555555556 45.713001
0 0 0 0 0 0 0 1.0 0.0
0 0 0 0 0 0 1 0.6218905472636815 10.0114
0 0 0 0 0 0 1 2.0 23.669901
0 0 0 0 0 1 1 1.4992503748125936 83.1744
0 0 0 0 1 1 1 0.5555555555555556 99.564301
0 0 0 0 0 1 1 0.7153075822603719 45.9548
0 0 0 0 0 0 1 1.4992503748125936 15.7951
0 0 0 0 0 0 0 1.0 0.0
0 0 0 1 1 1 1 0.6218905472636815 126.519997
0 0 0 0 0 1 1 1.4992503748125936 85.93
0 0 0 0 0 0 0 0.7153075822603719 0.0
0 0 0 0 0 0 1 1.0 12.9555
0 0 1 1 1 1 1 0.7153075822603719 165.065994
0 0 0 0 0 1 1 0.7153075822603719 38.662399
0 0 0 1 1 1 1 1.4992503748125936 262.825989
0 0 0 0 0 1 1 0.5868544600938967 44.940498
0 0 0 0 1 1 1 0.6218905472636815 105.987999
0 0 0 0 0 1 1 0.5868544600938967 53.047901
0 0 0 0 0 1 1 1.0 67.9039
0 0 1 1 1 1 1 0.8333333333333334 186.056
0 0 0 0 0 1 1 2.0 107.078003
0 0 0 1 1 1 1 0.5868544600938967 122.389
0 0 0 0 0 0 1 0.5868544600938967 10.1146
0 0 1 1 1 1 1 0.8333333333333334 187.126999
0 0 0 0 0 0 0 0.6218905472636815 0.0
0 0 0 1 1 1 1 2.0 356.21701
0 0 0 0 0 1 1 0.6218905472636815 45.6525
0 0 0 1 1 1 1 0.6613756613756614 131.524002
0 1 1 1 1 1 1 0.7153075822603719 198.787994
0 0 0 0 1 1 1 2.0 288.399994
0 0 1 1 1 1 1 0.8333333333333334 184.470993
0 0 0 1 1 1 1 0.7153075822603719 139.177994
1 1 1 1 1 1 1 0.8333333333333334 334.644012
0 0 0 0 0 0 0 1.4992503748125936 0.0
0 0 0 0 0 0 0 0.7153075822603719 0.0
0 0 0 0 0 0 1 0.8333333333333334 10.3012
0 0 0 0 0 0 1 1.0 10.5138
0 0 1 1 1 1 1 0.5555555555555556 140.220993
0 0 0 0 1 1 1 2.0 283.777008
0 0 0 0 0 1 1 2.0 105.458
0 0 0 0 0 0 0 0.5868544600938967 0.0
0 0 0 0 0 0 1 2.0 22.550501
0 0 0 0 0 0 1 0.5868544600938967 7.96362
0 0 1 1 1 1 1 2.0 412.167999
0 0 0 0 1 1 1 1.0 151.753998
0 0 0 0 0 0 0 2.0 0.0
0 0 0 0 1 1 1 0.6218905472636815 107.275002
0 0 0 0 0 1 1 0.8333333333333334 58.581402
0 0 0 0 1 1 1 0.8333333333333334 131.121002
0 0 0 0 0 1 1 1.0 58.402302
0 0 0 0 0 0 0 0.7153075822603719 0.0
0 0 0 1 1 1 1 0.6613756613756614 131.731995
0 0 0 0 0 0 0 0.6613756613756614 0.0
0 1 1 1 1 1 1 0.5868544600938967 173.876999
0 0 0 0 0 1 1 1.0 68.1287
0 0 0 0 0 0 0 2.0 0.0
0 0 0 0 0 1 1 0.5868544600938967 43.913101
0 0 0 0 0 1 1 0.8333333333333334 53.856098
0 0 0 0 0 0 0 0.5555555555555556 0.0
0 0 0 0 1 1 1 1.0 152.643997
0 0 0 0 1 1 1 1.4992503748125936 222.537994
0 0 0 1 1 1 1 0.8333333333333334 155.031998
0 0 0 0 0 0 0 0.6613756613756614 0.0
0 0 0 0 0 1 1 0.8333333333333334 65.1819
0 0 0 0 0 1 1 0.6218905472636815 59.812099
0 0 0 0 0 1 1 0.7153075822603719 59.815102
0 0 0 0 0 0 1 0.5868544600938967 8.9081
0 0 0 0 0 0 1 0.5555555555555556 7.94637
0 0 0 0 0 1 1 1.4992503748125936 83.443802
0 0 0 1 1 1 1 0.6613756613756614 130.867004
0 0 0 0 0 0 0 0.6613756613756614 0.0
0 0 0 0 0 1 1 0.5868544600938967 46.640999
0 0 1 1 1 1 1 0.6613756613756614 156.960999
0 0 0 0 0 0 0 1.4992503748125936 0.0
0 0 0 0 0 1 1 0.5555555555555556 52.4608
0 1 1 1 1 1 1 0.6218905472636815 177.710007
0 0 0 0 0 0 1 0.7153075822603719 9.02401
0 0 0 0 0 0 1 0.5555555555555556 6.18488
0 0 0 0 0 1 1 0.7153075822603719 56.599098
0 0 0 0 0 0 0 0.8333333333333334 0.0
0 1 1 1 1 1 1 2.0 483.480011
0 0 1 1 1 1 1 0.5555555555555556 141.983994
0 0 0 0 0 0 0 1.4992503748125936 0.0
0 0 0 0 0 1 1 0.8333333333333334 52.189701
0 0 0 0 0 0 1 0.8333333333333334 10.1526
0 0 0 0 0 1 1 0.6613756613756614 60.493401
0 0 0 0 1 1 1 2.0 284.186005
0 0 0 0 0 0 1 0.8333333333333334 12.6847
0 0 0 0 0 0 0 0.5555555555555556 0.0
0 0 0 0 0 0 0 1.0 0.0
0 0 0 1 1 1 1 1.0 196.783005
0 1 1 1 1 1 1 0.8333333333333334 221.376999
0 0 0 0 1 1 1 1.0 151.848999
0 0 0 0 0 0 0 0.5868544600938967 0.0
0 0 0 0 1 1 1 1.0 151.358994
0 0 1 1 1 1 1 2.0 417.830994
0 0 0 0 0 0 0 1.4992503748125936 0.0
0 0 0 0 0 0 0 0.6613756613756614 0.0
0 0 0 0 0 0 0 0.6613756613756614 0.0
0 0 0 0 0 0 0 1.4992503748125936 0.0
0 0 0 0 0 1 1 0.7153075822603719 57.913399
0 1 1 1 1 1 1 0.7153075822603719 195.304993
0 0 0 0 0 1 1 1.0 65.417503
0 0 0 0 0 0 1 1.4992503748125936 15.0702
0 0 0 1 1 1 1 1.4992503748125936 258.742004
0 0 0 0 0 1 1 0.5555555555555556 48.557098
0 0 0 0 1 1 1 0.8333333333333334 136.998001
0 1 1 1 1 1 1 1.0 259.781006
0 0 0 0 0 0 1 0.6613756613756614 12.6649
0 0 0 0 1 1 1 1.0 152.914993
0 0 0 0 1 1 1 0.5868544600938967 103.281998
1 1 1 1 1 1 1 0.5868544600938967 256.949005
0 0 0 0 0 1 1 0.6613756613756614 58.358299
0 0 1 1 1 1 1 0.8333333333333334 186.395004
0 0 0 0 1 1 1 0.6613756613756614 111.776001
0 0 0 1 1 1 1 0.8333333333333334 176.266998
0 0 0 0 1 1 1 2.0 282.993988
1 1 1 1 1 1 1 1.0 390.059998
0 0 0 0 1 1 1 0.7153075822603719 119.083
0 0 0 0 0 0 0 0.8333333333333334 0.0
0 0 0 0 1 1 1 0.6218905472636815 108.075996
0 1 1 1 1 1 1 1.4992503748125936 375.529999
0 0 0 1 1 1 1 0.6613756613756614 131.182007
0 0 0 0 0 1 1 1.4992503748125936 88.120003
0 0 0 0 0 1 1 0.6613756613756614 51.3382
0 0 1 1 1 1 1 1.0 215.076004
0 0 0 1 1 1 1 0.8333333333333334 156.701996
0 0 0 0 0 1 1 2.0 104.792
0 0 0 0 0 0 1 0.5555555555555556 7.64701
0 0 0 0 0 0 0 1.4992503748125936 0.0
0 0 0 0 0 0 0 0.6613756613756614 0.0
0 0 0 0 1 1 1 0.8333333333333334 131.078003
0 0 0 0 0 1 1 0.8333333333333334 51.8255
0 0 1 1 1 1 1 0.6613756613756614 155.684006
0 0 0 1 1 1 1 0.6613756613756614 132.031998
0 0 0 0 0 0 0 0.5555555555555556 0.0
0 0 0 0 0 0 1 0.7153075822603719 13.2528
0 0 0 0 0 0 0 0.7153075822603719 0.0
0 0 0 0 0 0 1 2.0 20.9828
0 0 0 0 0 1 1 2.0 101.112
0 0 0 0 0 0 1 0.5555555555555556 8.96857
0 0 0 0 0 0 1 0.6613756613756614 7.82282
0 0 1 1 1 1 1 1.4992503748125936 315.794006
0 0 0 0 0 0 0 1.4992503748125936 0.0
0 0 0 0 0 1 1 0.5868544600938967 44.831699
0 0 0 0 0 0 0 2.0 0.0
0 0 0 0 0 0 1 0.5868544600938967 9.16689
0 0 0 0 0 0 0 1.0 0.0
0 0 0 0 0 1 1 1.4992503748125936 88.336899
0 0 0 0 1 1 1 0.8333333333333334 130.964005
0 0 0 0 0 0 1 2.0 20.9181
0 0 0 0 0 0 0 1.0 0.0
0 0 0 0 0 0 0 0.7153075822603719 0.0
0 0 0 0 0 0 0 0.6613756613756614 0.0
0 0 1 1 1 1 1 1.0 223.190994
0 0 0 0 0 1 1 0.5555555555555556 56.799
0 0 0 0 0 1 1 0.8333333333333334 61.889301
0 0 0 0 0 0 1 0.6613756613756614 8.8001
0 0 1 1 1 1 1 0.5868544600938967 147.929993
0 0 0 0 1 1 1 0.5868544600938967 104.045998
0 0 0 0 0 0 1 0.6613756613756614 7.97581
0 0 0 0 0 1 1 0.6613756613756614 59.543999
0 0 0 0 0 0 1 0.6613756613756614 13.1277
0 0 0 0 0 1 1 0.6218905472636815 51.9132
0 0 0 0 1 1 1 0.5868544600938967 104.43
0 0 1 1 1 1 1 0.5555555555555556 139.160995
0 0 0 1 1 1 1 0.5555555555555556 117.157997
0 0 0 0 0 1 1 2.0 108.327003
0 0 0 0 0 0 1 1.0 10.8497
0 0 1 1 1 1 1 0.6218905472636815 195.977997
0 0 0 0 1 1 1 0.6613756613756614 115.768997
0 0 0 0 0 0 1 0.5868544600938967 8.23184
0 0 0 0 0 1 1 0.5555555555555556 44.8591
0 0 0 0 0 1 1 0.7153075822603719 53.7346
0 0 1 1 1 1 1 0.8333333333333334 185.951004
0 0 0 0 0 0 1 0.5868544600938967 9.89311
0 0 0 0 0 0 1 0.6218905472636815 10.0536
0 0 1 1 1 1 1 2.0 412.718994
0 0 0 0 0 0 0 0.8333333333333334 0.0
0 0 0 1 1 1 1 0.6613756613756614 131.733002
0 0 0 0 1 1 1 0.7153075822603719 117.718002
0 0 0 0 0 0 1 0.5868544600938967 7.94677
0 0 0 1 1 1 1 0.5555555555555556 135.315002
0 0 0 0 0 0 0 1.4992503748125936 0.0
0 0 0 0 0 0 1 0.6613756613756614 8.09386
0 0 0 0 0 0 0 0.5555555555555556 0.0
0 0 1 1 1 1 1 2.0 414.367004
0 0 0 0 1 1 1 1.0 150.360992
0 0 0 0 0 0 1 1.4992503748125936 14.9385
0 0 0 0 0 0 0 1.4992503748125936 0.0
0 0 0 0 0 1 1 0.5868544600938967 59.302101
0 0 0 0 0 1 1 0.7153075822603719 51.422401
0 0 0 1 1 1 1 2.0 345.362
0 0 0 0 0 0 1 1.0 11.2772
0 0 0 0 1 1 1 0.6613756613756614 112.791
0 0 0 0 1 1 1 1.0 151.613998
0 0 0 0 0 0 1 0.7153075822603719 7.4574
0 0 0 0 0 1 1 0.8333333333333334 44.145302
0 0 0 0 0 0 1 0.5555555555555556 9.42178
0 0 0 0 0 0 0 1.0 0.0
0 0 0 0 1 1 1 0.5868544600938967 104.320999
0 0 0 0 0 0 0 0.7153075822603719 0.0
0 0 0 0 1 1 1 0.7153075822603719 116.482002
0 0 0 0 1 1 1 0.7153075822603719 125.149002
0 0 0 0 0 0 0 0.5868544600938967 0.0
0 0 0 0 0 0 0 0.6613756613756614 0.0
0 0 0 0 1 1 1 1.4992503748125936 223.429993
0 0 0 0 0 0 0 2.0 0.0
0 0 0 0 1 1 1 2.0 282.846985
0 0 0 0 0 0 1 2.0 24.898001
0 0 0 0 0 0 0 0.7153075822603719 0.0
0 0 0 1 1 1 1 0.5868544600938967 122.363998
0 0 0 0 0 0 0 1.4992503748125936 0.0
0 0 0 0 1 1 1 0.7153075822603719 124.245003
0 0 1 1 1 1 1 0.8333333333333334 192.442993
0 0 0 0 0 0 0 0.6613756613756614 0.0
0 0 0 0 0 0 1 2.0 19.634899
0 0 0 1 1 1 1 0.6218905472636815 126.262001
0 0 0 0 0 0 1 0.6218905472636815 10.1171
0 0 0 0 1 1 1 0.8333333333333334 136.143005
0 0 0 0 1 1 1 2.0 286.015991
0 0 0 0 0 0 0 0.5555555555555556 0.0
0 0 0 0 0 0 0 0.5868544600938967 0.0
0 0 0 0 0 0 0 0.6613756613756614 0.0
0 0 0 0 0 0 1 0.5555555555555556 10.2673
0 0 0 0 0 1 1 0.7153075822603719 56.064201
0 0 0 0 0 0 0 2.0 0.0
0 0 0 0 0 0 1 2.0 24.7264
0 0 1 1 1 1 1 0.7153075822603719 165.253998
0 0 0 0 0 0 0 0.8333333333333334 0.0
0 0 0 0 0 0 1 0.5868544600938967 6.51972
0 0 0 0 0 0 1 1.4992503748125936 16.386801
0 0 0 0 0 0 1 1.0 18.828699
0 0 0 0 0 0 1 0.8333333333333334 9.10652
0 0 0 0 1 1 1 0.8333333333333334 130.404999
0 0 0 0 0 0 1 0.6218905472636815 9.34212
0 0 0 0 0 0 1 0.6218905472636815 8.26645
0 0 0 0 0 1 1 0.7153075822603719 49.133701
0 0 0 0 0 0 1 0.7153075822603719 7.46185
0 0 1 1 1 1 1 0.8333333333333334 185.190002
0 0 0 0 0 1 1 0.5555555555555556 51.2812
0 0 0 0 0 0 0 0.5555555555555556 0.0
0 0 0 0 0 0 0 0.6218905472636815 0.0
0 0 0 0 0 1 1 0.6613756613756614 35.991798
0 0 0 1 1 1 1 0.8333333333333334 155.341995
0 0 0 0 0 1 1 1.0 69.869904
0 0 0 0 0 0 1 1.0 14.9179
0 0 0 0 0 0 0 0.7153075822603719 0.0
0 0 0 1 1 1 1 1.4992503748125936 274.279999
0 0 0 0 0 0 0 0.6218905472636815 0.0
0 0 0 0 0 0 1 0.6613756613756614 10.4545
0 0 1 1 1 1 1 0.7153075822603719 165.399994
0 0 0 0 0 0 0 0.7153075822603719 0.0
0 0 0 0 1 1 1 0.6218905472636815 108.461998
0 0 0 0 0 0 0 1.0 0.0
0 1 1 1 1 1 1 0.5868544600938967 174.037003
0 1 1 1 1 1 1 2.0 497.68399
0 0 0 0 0 0 0 0.6218905472636815 0.0
0 0 0 0 0 1 1 0.5555555555555556 44.288601
1 1 1 1 1 1 1 1.4992503748125936 571.052002
0 0 0 0 0 0 0 0.5868544600938967 0.0
0 0 0 1 1 1 1 2.0 348.108002
0 0 0 0 0 1 1 0.5555555555555556 45.7906
0 1 1 1 1 1 1 1.0 258.493011
0 0 0 0 1 1 1 0.7153075822603719 149.774994
0 0 0 0 0 1 1 2.0 107.376999
0 0 0 0 0 1 1 0.8333333333333334 61.515099
0 0 0 0 0 0 0 1.0 0.0
1 1 1 1 1 1 1 2.0 736.804016
0 0 0 0 1 1 1 0.6218905472636815 107.370003
0 0 0 0 1 1 1 0.6613756613756614 110.941002
0 0 0 0 1 1 1 0.5868544600938967 102.723
0 0 0 0 0 1 1 0.6218905472636815 54.627499
0 0 1 1 1 1 1 0.6613756613756614 156.460999
0 0 0 0 0 0 0 1.0 0.0
0 0 0 0 0 0 1 0.8333333333333334 9.29182
0 0 0 0 0 0 1 0.5868544600938967 9.25607
0 0 0 0 0 1 1 0.5555555555555556 58.534698
0 0 0 0 0 0 0 1.4992503748125936 0.0
0 0 0 0 0 0 0 2.0 0.0
0 0 0 0 1 1 1 2.0 282.041992
0 0 0 0 0 0 0 1.4992503748125936 0.0
0 0 0 0 0 1 1 0.8333333333333334 44.297798
0 0 0 0 1 1 1 0.6613756613756614 113.641998
0 0 0 0 0 0 0 1.0 0.0
0 0 0 0 0 1 1 1.4992503748125936 86.837997
0 0 0 0 0 0 0 2.0 0.0
0 0 0 0 0 0 1 0.7153075822603719 10.0845
0 0 0 0 0 0 1 0.5868544600938967 7.5378
0 0 0 0 0 1 1 0.8333333333333334 64.099197
0 0 1 1 1 1 1 2.0 413.178009
0 0 0 0 0 1 1 0.6613756613756614 60.841099
0 0 0 0 1 1 1 1.4992503748125936 215.528
0 0 0 0 0 1 1 2.0 105.980003
0 0 0 0 1 1 1 0.5555555555555556 117.636002
0 0 0 0 0 0 1 2.0 22.930799
0 0 0 0 1 1 1 1.4992503748125936 215.796005
0 0 0 0 0 1 1 0.5868544600938967 46.686501
0 0 0 0 0 0 1 0.7153075822603719 10.3066
0 0 0 0 0 0 1 0.6218905472636815 7.66326
0 0 0 0 1 1 1 1.0 152.399002
0 1 1 1 1 1 1 0.6613756613756614 186.854004
0 0 0 0 0 0 0 1.0 0.0
0 0 0 0 0 1 1 0.6218905472636815 60.398102
0 0 0 0 1 1 1 0.6613756613756614 110.385002
0 1 1 1 1 1 1 0.5555555555555556 166.903
0 0 0 0 0 1 1 0.5555555555555556 51.845798
0 0 0 1 1 1 1 0.6613756613756614 132.091995
0 0 0 0 0 1 1 0.6613756613756614 58.749802
0 0 0 0 0 0 1 0.6613756613756614 8.66657
0 0 0 0 1 1 1 0.6218905472636815 106.681999
0 1 1 1 1 1 1 0.6218905472636815 179.246002
0 0 0 0 0 1 1 0.5555555555555556 31.3594
0 0 0 0 0 0 0 1.0 0.0
0 0 0 0 1 1 1 0.5868544600938967 103.987
0 1 1 1 1 1 1 0.5555555555555556 167.574005
0 0 0 0 0 0 1 0.6613756613756614 8.52039
0 0 0 0 0 0 0 0.8333333333333334 0.0
0 0 0 0 1 1 1 0.5868544600938967 103.931
0 0 0 0 0 0 1 1.4992503748125936 16.9214
0 0 0 1 1 1 1 0.6218905472636815 125.918999
0 0 0 0 0 0 0 0.6613756613756614 0.0
0 0 0 0 0 1 1 0.8333333333333334 49.066399
0 0 0 0 0 0 0 0.5868544600938967 0.0
0 0 0 0 0 0 0 0.7153075822603719 0.0
0 0 0 0 0 0 1 1.4992503748125936 16.819401
0 0 0 0 0 0 0 1.0 0.0
0 0 0 0 0 1 1 1.0 58.986698
0 0 0 0 0 0 1 0.8333333333333334 9.7228
0 0 0 0 0 0 0 0.5868544600938967 0.0
0 0 0 0 0 0 1 0.8333333333333334 11.0653
0 0 0 0 0 1 1 1.0 64.108299
0 1 1 1 1 1 1 0.6613756613756614 187.235992
0 0 0 0 1 1 1 1.4992503748125936 219.014008
0 0 0 1 1 1 1 0.6613756613756614 130.492004
0 0 0 0 0 0 1 0.6218905472636815 8.22255
0 0 0 0 1 1 1 1.4992503748125936 220.287994
0 0 0 1 1 1 1 0.5868544600938967 124.765999
0 0 0 1 1 1 1 0.7153075822603719 142.046005
0 0 0 0 0 0 0 0.5868544600938967 0.0
0 0 1 1 1 1 1 1.4992503748125936 323.190002
0 0 0 0 0 0 1 1.0 10.5528
0 0 0 0 1 1 1 0.7153075822603719 116.496002
0 0 0 0 1 1 1 0.6218905472636815 107.733002
0 0 0 0 0 0 1 0.6613756613756614 7.0233
0 0 1 1 1 1 1 2.0 417.049011
0 0 0 0 0 0 1 0.8333333333333334 9.49213
0 0 0 1 1 1 1 0.5868544600938967 165.671997
0 0 0 0 0 0 1 0.5868544600938967 9.94407
0 0 0 0 0 0 1 0.5555555555555556 8.08566
0 1 1 1 1 1 1 1.4992503748125936 372.187012
0 0 0 0 0 0 1 0.5868544600938967 8.6251
0 0 0 0 0 1 1 1.4992503748125936 87.489799
1 1 1 1 1 1 1 0.6218905472636815 266.442993
0 0 0 0 1 1 1 1.0 150.496002
0 0 0 0 0 0 0 0.6218905472636815 0.0
0 1 1 1 1 1 1 0.6613756613756614 188.667999
0 0 0 0 0 0 1 1.4992503748125936 15.7064
0 0 0 0 0 0 1 0.7153075822603719 8.76108
0 0 0 0 1 1 1 0.5868544600938967 103.338997
0 0 0 0 0 1 1 0.7153075822603719 55.711102
0 0 0 0 0 1 1 1.0 60.724899
0 0 0 0 0 0 0 0.8333333333333334 0.0
0 0 0 0 0 0 0 0.7153075822603719 0.0
0 0 0 0 0 0 1 0.7153075822603719 8.52932
0 0 1 1 1 1 1 1.0 217.417999
0 0 0 0 0 0 1 0.6613756613756614 9.48041
0 0 0 0 0 0 1 2.0 23.3374
0 0 0 0 0 1 1 0.8333333333333334 61.705601
0 0 0 0 0 1 1 0.5868544600938967 58.425098
0 0 0 0 1 1 1 0.5868544600938967 104.617996
1 1 1 1 1 1 1 1.0 408.431
0 0 0 0 0 1 1 2.0 104.567001
0 0 0 0 0 0 0 0.8333333333333334 0.0
0 0 0 0 0 1 1 0.5868544600938967 32.702599
0 0 0 0 0 0 1 0.8333333333333334 13.0333
0 0 0 0 0 0 1 0.5555555555555556 12.2829
0 1 1 1 1 1 1 0.7153075822603719 199.442993
0 0 0 0 0 0 0 2.0 0.0
0 0 0 0 0 0 0 0.6613756613756614 0.0
0 0 0 0 0 0 0 0.5555555555555556 0.0
0 0 0 0 0 0 1 0.7153075822603719 8.44575
0 0 0 0 1 1 1 0.7153075822603719 119.175003
0 0 0 0 0 1 1 1.0 64.204697
0 0 0 0 1 1 1 0.7153075822603719 118.288002
0 0 0 1 1 1 1 0.5868544600938967 122.324997
0 0 0 0 0 0 0 0.6218905472636815 0.0
0 0 0 0 0 0 1 0.5555555555555556 8.26218
0 0 0 0 0 1 1 0.5555555555555556 71.503304
0 0 0 0 0 0 0 0.6218905472636815 0.0
0 0 0 0 1 1 1 0.8333333333333334 131.003006
0 0 0 0 1 1 1 0.7153075822603719 119.040001
0 0 0 0 0 1 1 2.0 107.677002
0 0 0 0 0 1 1 0.5868544600938967 58.271702
0 0 0 0 1 1 1 2.0 286.21701
0 0 0 0 0 1 1 0.6613756613756614 54.9347
0 0 0 0 0 0 0 0.6218905472636815 0.0
0 0 0 0 0 0 1 0.7153075822603719 8.82417
0 0 0 0 0 1 1 1.4992503748125936 84.703697
0 0 0 1 1 1 1 0.5868544600938967 135.561996
0 0 0 0 0 1 1 0.6218905472636815 60.448799
0 0 0 0 0 0 1 1.4992503748125936 16.7894
0 0 1 1 1 1 1 1.0 216.766998
0 0 0 1 1 1 1 0.6218905472636815 129.544006
0 0 1 1 1 1 1 0.5868544600938967 158.143997
0 0 0 0 0 0 1 1.4992503748125936 19.698799
0 0 0 1 1 1 1 0.5868544600938967 136.201996
0 0 0 0 0 0 1 0.8333333333333334 9.73809
0 0 0 0 0 0 1 0.5868544600938967 9.92293
0 0 0 0 1 1 1 0.5868544600938967 104.552002
0 0 1 1 1 1 1 1.0 217.800995
0 0 0 0 0 1 1 1.4992503748125936 81.622803
0 0 0 0 0 1 1 0.6613756613756614 53.9604
0 0 0 0 1 1 1 2.0 291.677002
0 0 0 0 0 0 1 0.6218905472636815 8.14596
0 0 0 0 0 1 1 0.5868544600938967 57.8214
0 0 0 1 1 1 1 0.5555555555555556 117.781998
0 0 0 0 0 0 1 0.8333333333333334 9.86095
0 0 0 0 1 1 1 0.6613756613756614 111.749001
0 0 0 0 0 0 1 1.0 12.5264
0 0 0 0 0 0 0 0.6218905472636815 0.0
0 0 0 1 1 1 1 0.6218905472636815 126.302002
0 0 0 0 0 0 1 2.0 20.760599
0 0 0 0 0 0 1 0.5868544600938967 8.27586
0 0 0 0 1 1 1 0.6613756613756614 112.647003
0 0 0 0 0 1 1 0.6218905472636815 59.9799
0 0 0 0 0 0 0 0.8333333333333334 0.0
0 0 0 0 0 0 1 0.5555555555555556 8.88627
0 0 0 0 0 1 1 0.8333333333333334 52.8036
0 0 0 0 0 0 1 0.7153075822603719 9.18709
0 0 0 0 0 0 0 0.6218905472636815 0.0
0 0 0 0 0 0 0 0.5555555555555556 0.0
0 0 0 0 0 0 1 0.6218905472636815 10.0874
0 1 1 1 1 1 1 2.0 495.371002
0 0 0 0 0 0 1 1.4992503748125936 14.7461
0 0 0 0 1 1 1 2.0 289.035004
0 0 0 0 0 0 0 0.7153075822603719 0.0
0 0 0 0 1 1 1 0.8333333333333334 130.787003
0 0 0 0 0 1 1 0.6613756613756614 56.000198
0 0 0 0 0 0 1 1.4992503748125936 17.364401
0 0 0 0 0 1 1 0.6218905472636815 34.107899
0 0 0 0 0 0 0 0.6613756613756614 0.0
0 0 0 0 0 0 1 1.0 12.9954
0 0 1 1 1 1 1 0.6613756613756614 155.509003
0 0 0 0 0 1 1 0.6218905472636815 54.3447
0 0 0 0 0 1 1 0.6218905472636815 59.819302
0 0 1 1 1 1 1 2.0 417.272003
0 0 1 1 1 1 1 2.0 405.67099
0 0 0 0 0 0 0 1.0 0.0
0 0 0 1 1 1 1 0.5868544600938967 166.630005
0 1 1 1 1 1 1 0.5555555555555556 168.354996
0 0 0 1 1 1 1 0.6218905472636815 127.132004
0 0 0 0 1 1 1 0.5555555555555556 100.440002
0 0 0 0 0 0 0 0.6218905472636815 0.0
0 1 1 1 1 1 1 2.0 493.493011
0 0 0 0 0 0 0 0.8333333333333334 0.0
0 0 0 0 0 1 1 0.5555555555555556 50.3311
0 0 0 0 0 0 1 1.0 10.5353
0 0 0 0 0 0 0 0.5555555555555556 0.0
0 1 1 1 1 1 1 2.0 495.855988
0 0 0 0 1 1 1 0.7153075822603719 116.482002
0 0 0 1 1 1 1 1.4992503748125936 265.326996
0 0 0 0 1 1 1 0.5555555555555556 101.861
0 0 0 0 0 1 1 1.0 69.566101
0 0 0 0 0 0 1 1.0 11.4599
0 0 0 0 0 1 1 0.5555555555555556 48.902901
0 0 0 0 1 1 1 1.4992503748125936 215.932007
0 0 1 1 1 1 1 0.6218905472636815 149.070007
0 0 0 0 0 0 0 0.8333333333333334 0.0
0 0 0 0 0 0 0 0.6613756613756614 0.0
0 0 0 0 0 1 1 0.6613756613756614 49.7654
0 0 1 1 1 1 1 1.4992503748125936 316.822998
0 0 0 0 0 0 0 1.0 0.0
0 0 0 0 0 1 1 1.4992503748125936 76.460701
0 0 0 0 0 0 1 2.0 21.822599
0 0 0 0 1 1 1 0.6218905472636815 106.924004
0 0 0 0 0 0 0 1.0 0.0
0 0 0 0 0 0 1 1.4992503748125936 15.832
0 0 0 1 1 1 1 1.0 182.440002
0 0 0 0 1 1 1 2.0 286.256989
0 0 0 0 0 1 1 0.6613756613756614 58.908001
0 0 0 0 0 0 1 1.4992503748125936 15.8738
1 1 1 1 1 1 1 0.7153075822603719 296.93399
0 0 0 1 1 1 1 0.5868544600938967 123.717003
0 0 0 0 1 1 1 2.0 286.92099
0 0 0 0 1 1 1 0.5868544600938967 104.866997
0 0 0 0 0 0 0 0.8333333333333334 0.0
0 0 0 0 0 1 1 0.6218905472636815 46.7798
0 0 0 0 0 1 1 1.0 65.042
0 0 0 0 1 1 1 1.0 151.908005
0 0 0 0 1 1 1 0.7153075822603719 118.769997
0 0 0 0 0 0 0 0.5868544600938967 0.0
0 0 0 0 0 1 1 1.0 69.863197
0 0 0 0 0 0 0 1.4992503748125936 0.0
0 0 0 0 0 1 1 0.5555555555555556 43.120602
0 0 0 0 0 1 1 1.0 60.797401
0 0 0 0 0 0 1 0.5868544600938967 12.6625
0 0 0 0 0 0 0 0.6613756613756614 0.0
0 0 0 0 0 0 0 0.5868544600938967 0.0
0 0 1 1 1 1 1 0.6218905472636815 152.123001
0 0 0 0 0 0 0 0.7153075822603719 0.0
0 0 0 0 1 1 1 1.0 153.100998
0 0 0 0 0 0 1 0.5555555555555556 7.96811
0 0 0 0 0 1 1 0.8333333333333334 49.005199
0 0 0 0 0 1 1 0.6218905472636815 59.125401
0 0 1 1 1 1 1 0.8333333333333334 185.869003
0 0 0 0 0 1 1 0.5555555555555556 31.384501
0 0 0 0 0 0 0 1.0 0.0
0 0 0 0 0 0 0 0.5555555555555556 0.0
0 1 1 1 1 1 1 0.6218905472636815 177.205002
0 0 0 1 1 1 1 1.0 187.916
0 0 0 0 1 1 1 0.6613756613756614 112.093002
0 0 0 0 0 0 0 0.6613756613756614 0.0
0 0 0 0 1 1 1 0.5555555555555556 101.681
0 0 0 0 0 0 1 0.6613756613756614 9.45306
0 0 0 1 1 1 1 0.7153075822603719 139.636993
0 0 0 0 0 1 1 0.5868544600938967 57.044899
0 0 0 0 0 0 0 1.4992503748125936 0.0
0 0 0 0 0 1 1 0.8333333333333334 54.4445
0 0 0 0 0 0 0 0.6218905472636815 0.0
0 0 0 0 0 0 1 0.6218905472636815 9.7708
0 0 0 0 0 0 1 0.5868544600938967 9.38722
0 0 0 0 0 1 1 0.6218905472636815 34.4314
0 0 1 1 1 1 1 2.0 411.450012
0 0 0 0 0 0 0 0.7153075822603719 0.0
0 0 0 0 0 0 1 0.8333333333333334 9.48767
0 0 0 0 0 0 1 1.4992503748125936 15.8067
0 0 0 0 0 1 1 1.0 58.945499
0 0 0 0 0 0 1 2.0 20.0037
0 0 0 0 1 1 1 1.4992503748125936 217.662003
0 0 0 0 0 0 1 0.6613756613756614 7.0116
0 0 0 1 1 1 1 1.4992503748125936 263.752991
0 0 0 0 0 0 0 0.5868544600938967 0.0
0 0 0 0 0 1 1 2.0 100.683998
0 0 0 0 0 0 1 0.6613756613756614 10.5045
0 0 0 0 0 0 1 2.0 19.8262
0 0 0 0 0 0 0 1.0 0.0
0 0 0 0 0 0 1 0.5555555555555556 9.75174
0 0 0 0 1 1 1 0.6218905472636815 106.412003
0 0 0 1 1 1 1 1.0 201.548004
0 0 1 1 1 1 1 0.5555555555555556 140.244995
0 0 0 0 0 0 0 0.5868544600938967 0.0
0 0 0 0 0 1 1 0.5555555555555556 53.549599
1 1 1 1 1 1 1 0.5555555555555556 247.179993
0 0 0 0 0 0 0 2.0 0.0
0 0 1 1 1 1 1 0.6613756613756614 155.272995
0 0 0 0 0 0 1 0.5868544600938967 8.07069
0 0 0 0 0 0 0 0.5555555555555556 0.0
0 0 0 1 1 1 1 0.6613756613756614 134.302002
0 0 1 1 1 1 1 0.5555555555555556 191.526993
0 0 0 0 0 0 1 2.0 19.4224
0 0 0 0 0 0 1 0.5868544600938967 9.95219
0 0 0 0 0 0 1 0.6218905472636815 10.5726
0 0 0 0 0 0 1 0.8333333333333334 11.0529
0 0 0 0 0 1 1 0.6613756613756614 59.850601
0 0 0 0 0 1 1 0.5868544600938967 59.361301
0 0 0 0 0 0 0 0.5868544600938967 0.0
0 0 1 1 1 1 1 0.6613756613756614 157.617004
0 0 0 0 0 0 1 0.6218905472636815 9.85121
0 0 0 0 0 0 1 0.8333333333333334 9.74434
0 0 0 0 0 0 1 0.6218905472636815 10.1064
0 0 0 0 0 1 1 0.5868544600938967 71.660301
0 0 0 0 0 0 0 0.5555555555555556 0.0
0 0 0 0 1 1 1 2.0 285.059998
0 0 0 0 0 1 1 0.6218905472636815 57.529999
0 0 0 0 0 0 0 0.6218905472636815 0.0
0 0 0 1 1 1 1 0.7153075822603719 140.199005
0 0 0 0 0 0 0 2.0 0.0
0 0 0 0 0 1 1 0.6613756613756614 56.071602
0 0 0 0 0 0 1 1.4992503748125936 15.7219
0 0 0 0 0 1 1 1.0 65.178299
0 0 0 0 0 0 0 0.5555555555555556 0.0
0 0 0 0 0 1 1 0.5555555555555556 53.1647
0 0 0 0 0 1 1 0.6613756613756614 60.768501
0 0 0 0 0 0 0 0.6218905472636815 0.0
0 0 0 0 0 0 1 0.6218905472636815 10.1496
0 1 1 1 1 1 1 0.7153075822603719 198.899994
0 0 0 0 0 0 0 0.5555555555555556 0.0
0 0 0 1 1 1 1 0.7153075822603719 139.218994
0 0 0 0 0 0 1 0.6218905472636815 9.31229
0 0 0 0 0 0 1 1.0 11.0802
0 0 0 1 1 1 1 1.4992503748125936 260.17099
0 0 0 0 0 0 1 1.0 10.6971
0 0 0 0 0 1 1 1.4992503748125936 88.992897
0 0 0 0 0 1 1 2.0 107.400002
0 0 0 0 1 1 1 0.6218905472636815 108.413002
0 0 0 0 1 1 1 2.0 288.852997
0 0 0 0 0 0 0 0.5555555555555556 0.0
0 0 0 0 0 1 1 0.8333333333333334 44.496601
0 0 0 0 0 1 1 2.0 110.031998
0 0 0 0 0 1 1 2.0 106.193001
0 0 1 1 1 1 1 1.4992503748125936 310.809998
0 0 0 0 0 0 0 0.6613756613756614 0.0
1 1 1 1 1 1 1 0.6218905472636815 267.035004
0 0 0 0 1 1 1 0.5868544600938967 104.469002
0 0 0 1 1 1 1 1.0 180.608994
0 0 0 0 1 1 1 1.0 151.798004
0 0 0 0 0 0 0 0.8333333333333334 0.0
0 0 0 1 1 1 1 0.7153075822603719 140.567993
0 0 0 0 0 0 1 0.5868544600938967 6.44963
0 0 0 0 0 1 1 0.7153075822603719 61.960701
0 0 0 0 1 1 1 0.6218905472636815 107.623001
0 0 0 0 0 1 1 1.4992503748125936 79.749298
0 0 0 1 1 1 1 2.0 351.760986
0 0 0 0 0 0 0 0.7153075822603719 0.0
0 0 0 1 1 1 1 0.5555555555555556 119.055
0 0 0 0 0 1 1 0.6613756613756614 43.156898
0 0 0 0 0 0 0 0.5868544600938967 0.0
0 0 0 1 1 1 1 0.7153075822603719 140.186005
0 0 1 1 1 1 1 1.0 219.108002
0 0 0 0 1 1 1 0.5868544600938967 104.152
0 0 0 0 0 0 0 0.6613756613756614 0.0
0 0 0 0 0 0 0 2.0 0.0
0 0 0 0 0 1 1 0.7153075822603719 59.3563
0 0 0 0 0 1 1 0.6613756613756614 43.283001
0 0 0 0 0 0 1 0.8333333333333334 9.41534
0 0 0 0 0 0 0 0.5868544600938967 0.0
0 0 0 0 1 1 1 0.6218905472636815 144.660995
0 1 1 1 1 1 1 0.5555555555555556 186.591995
0 0 0 0 1 1 1 0.6613756613756614 114.351997
0 0 0 0 0 0 0 0.6613756613756614 0.0
0 0 0 0 0 0 0 0.5555555555555556 0.0
0 0 0 0 1 1 1 0.8333333333333334 134.154999
0 0 0 0 0 1 1 0.6218905472636815 50.105999
0 0 0 0 0 0 1 2.0 21.8993
0 0 0 0 0 1 1 0.6218905472636815 34.123798
0 0 0 0 0 0 1 1.0 11.5296
0 0 0 0 1 1 1 2.0 286.988007
0 0 0 0 0 1 1 2.0 104.831001
0 0 0 0 0 0 1 2.0 21.668501
0 0 1 1 1 1 1 0.6613756613756614 200.576996
0 0 0 0 0 0 1 1.4992503748125936 15.0637
0 0 0 0 0 0 0 1.4992503748125936 0.0
0 0 1 1 1 1 1 1.0 214.610001
0 0 1 1 1 1 1 0.5555555555555556 139.473007
0 0 0 0 0 1 1 0.6218905472636815 36.005402
0 0 0 0 0 0 0 1.4992503748125936 0.0
0 0 0 1 1 1 1 2.0 347.82901
0 0 0 0 0 0 1 0.7153075822603719 12.7472
0 0 0 0 0 0 0 0.5555555555555556 0.0
0 0 0 0 0 0 0 1.4992503748125936 0.0
0 0 1 1 1 1 1 1.4992503748125936 311.330994
0 0 0 0 0 0 0 1.0 0.0
0 0 0 0 0 1 1 0.7153075822603719 50.8465
0 0 0 0 0 0 0 0.6218905472636815 0.0
0 0 0 0 0 0 0 0.8333333333333334 0.0
0 0 0 0 0 1 1 0.5555555555555556 51.142101
0 0 0 0 0 0 0 1.0 0.0
0 0 0 0 0 0 1 0.8333333333333334 16.5739
0 0 0 0 0 0 0 0.5868544600938967 0.0
0 0 0 0 0 0 1 1.0 10.4296
0 0 1 1 1 1 1 1.4992503748125936 317.074005
0 0 0 0 0 0 1 0.5555555555555556 8.12547
0 0 1 1 1 1 1 0.5555555555555556 141.470001
0 0 0 1 1 1 1 0.7153075822603719 141.121002
0 0 0 0 1 1 1 0.8333333333333334 138.563004
0 0 0 0 0 0 1 0.5555555555555556 7.87361
0 0 0 0 0 1 1 0.8333333333333334 59.087898
0 0 0 0 0 0 0 0.8333333333333334 0.0
0 0 0 0 0 1 1 0.6218905472636815 46.993099
0 0 0 0 0 1 1 0.6613756613756614 57.178501
0 0 0 0 0 1 1 1.0 59.986401
0 0 0 0 1 1 1 0.8333333333333334 132.065994
0 0 0 0 0 1 1 2.0 105.547997
0 0 0 0 0 0 0 0.5555555555555556 0.0
0 0 1 1 1 1 1 0.6218905472636815 150.891006
0 0 0 0 0 0 0 0.6218905472636815 0.0
0 0 0 0 1 1 1 1.0 153.848999
0 0 0 0 0 1 1 2.0 101.196999
0 0 0 0 0 1 1 0.5555555555555556 59.1021
0 0 0 0 1 1 1 0.5555555555555556 117.954002
0 0 1 1 1 1 1 0.6218905472636815 149.244003
0 0 0 1 1 1 1 0.8333333333333334 157.658005
0 0 0 0 0 1 1 0.5868544600938967 50.475399
0 0 0 0 1 1 1 1.4992503748125936 215.927002
0 0 0 1 1 1 1 0.7153075822603719 138.380005
0 0 0 0 0 0 0 0.5868544600938967 0.0
0 0 0 0 1 1 1 0.5868544600938967 104.371002
0 0 0 0 0 1 1 0.7153075822603719 48.469898
0 0 0 0 0 0 0 0.5868544600938967 0.0
0 0 0 0 1 1 1 2.0 288.536011
0 0 0 0 0 0 1 0.8333333333333334 9.58033
0 0 1 1 1 1 1 0.7153075822603719 204.108002
0 0 0 0 0 0 1 2.0 21.5331
0 0 0 0 0 1 1 0.5868544600938967 52.947601
0 0 0 0 0 1 1 0.5868544600938967 32.723301
0 0 0 1 1 1 1 0.5555555555555556 118.785004
0 0 0 0 0 0 0 1.0 0.0
0 0 0 0 0 0 0 1.4992503748125936 0.0
0 0 0 0 0 0 0 0.5555555555555556 0.0
0 0 0 0 0 0 0 0.6218905472636815 0.0
0 0 0 0 1 1 1 0.6218905472636815 107.222
0 0 0 0 0 0 0 0.6613756613756614 0.0
0 0 0 0 0 1 1 1.0 59.639801
0 0 1 1 1 1 1 0.5868544600938967 145.957001
0 0 0 0 0 0 1 0.6218905472636815 8.26496
0 0 0 0 0 1 1 2.0 100.678001
0 0 0 0 0 1 1 0.6613756613756614 55.770302
0 0 0 1 1 1 1 0.5868544600938967 121.851997
0 0 0 0 0 0 0 2.0 0.0
0 0 0 0 0 1 1 1.4992503748125936 81.546402
0 0 0 0 0 1 1 0.6613756613756614 46.674999
0 0 0 0 1 1 1 0.5868544600938967 104.711998
0 0 1 1 1 1 1 0.5868544600938967 145.151001
0 0 0 0 0 0 1 0.6218905472636815 9.40522
0 0 0 0 0 0 1 0.5868544600938967 10.1007
0 0 0 0 1 1 1 0.8333333333333334 129.848999
0 0 0 0 1 1 1 0.7153075822603719 117.999001
0 0 0 0 0 0 0 0.8333333333333334 0.0
0 1 1 1 1 1 1 2.0 508.009003
0 0 0 0 0 1 1 2.0 107.696999
0 0 0 0 1 1 1 1.0 151.567001
0 0 0 0 0 0 0 0.7153075822603719 0.0
0 0 0 1 1 1 1 0.5555555555555556 120.995003
0 0 0 0 0 0 0 0.5868544600938967 0.0
0 1 1 1 1 1 1 1.0 261.197998
0 0 0 0 0 0 1 0.5868544600938967 12.5433
0 0 0 0 0 0 0 0.8333333333333334 0.0
0 0 0 0 0 0 0 0.7153075822603719 0.0
0 0 0 0 0 1 1 0.6613756613756614 53.848801
0 0 1 1 1 1 1 0.6218905472636815 149.722
0 0 0 0 0 1 1 0.5868544600938967 44.581402
0 0 0 0 1 1 1 0.6218905472636815 106.679001
0 0 0 0 0 1 1 0.6613756613756614 55.268002
0 0 0 0 1 1 1 0.7153075822603719 116.648003
0 0 0 0 1 1 1 0.8333333333333334 131.123001
0 0 0 1 1 1 1 0.8333333333333334 176.615997
0 0 0 0 1 1 1 0.7153075822603719 118.038002
0 0 0 1 1 1 1 0.5555555555555556 117.981003
0 0 0 0 0 1 1 0.5555555555555556 58.521198
0 0 0 0 0 1 1 2.0 110.320999
0 0 1 1 1 1 1 0.6218905472636815 149.744003
0 0 0 0 0 0 1 1.4992503748125936 15.0763
0 0 0 0 0 0 1 0.8333333333333334 8.44376
0 0 1 1 1 1 1 0.7153075822603719 166.283997
0 0 0 1 1 1 1 2.0 347.134003
0 0 0 0 1 1 1 0.7153075822603719 118.885002
0 0 0 0 0 0 0 1.4992503748125936 0.0
0 0 0 0 0 0 0 1.0 0.0
0 0 0 0 0 0 1 0.6613756613756614 13.0442
0 0 0 0 0 1 1 2.0 108.737999
0 0 0 0 1 1 1 0.8333333333333334 132.139999
0 0 0 0 0 0 0 0.6613756613756614 0.0
0 0 0 0 1 1 1 1.0 153.384995
0 0 0 0 0 0 1 0.5868544600938967 8.36312
0 0 0 0 0 1 1 0.5868544600938967 56.7141
0 0 0 0 1 1 1 0.6613756613756614 112.026001
0 0 0 0 0 0 0 1.4992503748125936 0.0
0 1 1 1 1 1 1 2.0 496.778992
0 0 0 0 0 1 1 0.8333333333333334 58.760201
0 0 0 0 0 0 1 0.8333333333333334 9.91667
0 0 0 0 0 1 1 0.8333333333333334 61.201099
0 0 0 1 1 1 1 0.6613756613756614 132.485001
0 0 0 0 0 0 0 0.5555555555555556 0.0
0 1 1 1 1 1 1 0.8333333333333334 224.727997
0 0 0 0 0 0 1 1.4992503748125936 15.2792
0 0 0 0 0 0 0 0.6613756613756614 0.0
0 0 0 0 0 1 1 2.0 105.236
0 0 0 0 0 0 1 0.6613756613756614 8.86092
0 0 0 1 1 1 1 0.8333333333333334 155.535004
0 0 0 0 1 1 1 0.8333333333333334 131.882996
0 0 0 0 0 1 1 0.6218905472636815 51.372299
0 0 0 0 0 0 1 2.0 22.4806
0 0 0 0 1 1 1 0.6613756613756614 111.408997
0 0 0 0 0 1 1 0.6218905472636815 34.1763
0 0 1 1 1 1 1 1.0 218.722
0 0 1 1 1 1 1 1.0 215.908997
0 0 0 0 0 0 0 1.4992503748125936 0.0
0 0 0 0 0 0 0 0.5868544600938967 0.0
0 0 0 0 0 0 0 0.8333333333333334 0.0
0 0 0 0 0 0 0 2.0 0.0
0 0 0 0 0 0 1 0.6218905472636815 8.27761
0 0 0 0 0 0 0 2.0 0.0
0 1 1 1 1 1 1 1.4992503748125936 371.251007
0 0 0 0 0 0 1 0.8333333333333334 10.4175
0 0 0 0 0 0 1 0.6218905472636815 7.69443
0 0 0 0 1 1 1 0.7153075822603719 116.664001
0 0 0 0 0 1 1 1.0 52.0536
0 0 0 0 0 0 0 0.6218905472636815 0.0
0 0 0 0 0 0 0 1.0 0.0
0 0 0 0 0 0 0 0.8333333333333334 0.0
0 0 0 1 1 1 1 0.6218905472636815 126.567001
0 0 0 0 0 1 1 2.0 107.191002
0 0 0 0 1 1 1 0.7153075822603719 116.621002
0 0 0 0 0 0 1 2.0 20.724001
0 0 0 1 1 1 1 0.6218905472636815 127.059998
0 0 0 0 0 0 1 0.8333333333333334 13.4543
0 0 0 0 0 1 1 0.5868544600938967 57.534
0 0 0 0 0 0 1 0.7153075822603719 10.9821
0 0 0 0 0 1 1 0.5555555555555556 56.501801
0 0 0 1 1 1 1 1.0 184.729996
0 0 0 0 0 0 0 0.7153075822603719 0.0
0 0 0 0 0 0 0 1.0 0.0
0 0 0 0 0 0 0 0.6218905472636815 0.0
0 0 0 0 0 1 1 1.0 67.224998
0 0 0 0 0 1 1 0.6613756613756614 57.2061
0 0 0 0 0 0 0 1.4992503748125936 0.0
0 0 1 1 1 1 1 2.0 416.442993
0 0 0 1 1 1 1 1.4992503748125936 258.48999
0 0 0 0 1 1 1 0.6218905472636815 107.959
0 0 0 0 0 0 1 0.6613756613756614 9.44729
0 0 0 0 0 0 1 0.8333333333333334 9.32692
0 0 0 1 1 1 1 0.5868544600938967 124.237
0 0 0 0 0 0 1 0.7153075822603719 10.0274
0 1 1 1 1 1 1 0.5555555555555556 167.248993
0 0 0 0 0 0 0 0.8333333333333334 0.0
0 0 0 1 1 1 1 0.7153075822603719 146.893997
0 0 0 0 0 1 1 0.6613756613756614 54.6269
0 0 0 0 0 0 0 0.7153075822603719 0.0
0 0 0 0 0 0 1 0.5868544600938967 8.1263
0 0 0 0 0 0 1 1.4992503748125936 16.947701
0 0 0 0 0 0 0 0.5555555555555556 0.0
0 1 1 1 1 1 1 0.5555555555555556 165.923004
0 1 1 1 1 1 1 2.0 493.791992
0 0 0 0 0 0 1 0.6218905472636815 17.004
0 0 0 0 0 0 0 1.0 0.0
0 0 0 0 0 0 0 0.8333333333333334 0.0
0 0 0 0 0 0 0 0.7153075822603719 0.0
0 0 0 1 1 1 1 2.0 343.088989
0 0 0 0 0 0 0 0.5555555555555556 0.0
1 1 1 1 1 1 1 1.0 390.406006
0 0 0 0 0 0 0 0.6613756613756614 0.0
0 0 0 0 0 0 0 0.8333333333333334 0.0
0 0 0 0 0 0 1 1.4992503748125936 14.716
0 0 0 0 0 1 1 0.6613756613756614 60.625099
0 0 0 1 1 1 1 1.0 182.628998
0 0 0 0 0 0 0 0.6613756613756614 0.0
0 0 0 0 0 0 1 0.7153075822603719 9.54233
0 0 0 0 0 1 1 0.5555555555555556 51.655201
0 0 0 0 0 0 0 0.6613756613756614 0.0
0 0 0 0 0 0 1 0.7153075822603719 10.7741
0 0 0 0 1 1 1 0.6613756613756614 111.279999
0 0 0 0 0 1 1 0.6613756613756614 57.343102
0 1 1 1 1 1 1 0.8333333333333334 221.020004
0 0 0 0 0 1 1 0.6218905472636815 45.319401
0 0 1 1 1 1 1 0.6218905472636815 149.949997
0 0 1 1 1 1 1 0.6613756613756614 156.606003
0 1 1 1 1 1 1 0.5555555555555556 167.279999
0 0 0 0 1 1 1 0.5868544600938967 103.222
0 0 0 0 0 0 0 0.5555555555555556 0.0
0 0 0 0 0 1 1 2.0 105.362999
0 0 0 0 0 0 1 0.7153075822603719 8.62547
0 0 0 0 1 1 1 2.0 288.295013
0 0 0 0 1 1 1 2.0 284.700012
0 0 1 1 1 1 1 0.5555555555555556 139.942001
0 0 0 1 1 1 1 0.6218905472636815 126.816002
0 0 0 0 0 1 1 0.8333333333333334 44.239799
0 0 0 0 0 0 1 0.6218905472636815 9.94427
0 0 0 1 1 1 1 0.5868544600938967 121.927002
0 0 0 1 1 1 1 0.6218905472636815 127.121002
0 0 0 0 0 1 1 0.6218905472636815 47.880798
0 0 0 0 0 1 1 1.4992503748125936 76.121803
0 0 0 0 0 0 1 0.5868544600938967 10.0886
0 0 0 0 0 0 0 0.7153075822603719 0.0
0 0 0 0 1 1 1 0.5555555555555556 100.491997
0 0 0 0 1 1 1 0.8333333333333334 136.559998
0 0 0 0 0 0 1 0.7153075822603719 9.0061
0 0 1 1 1 1 1 1.4992503748125936 325.916992
0 0 0 0 0 0 1 0.5868544600938967 9.67532
0 0 0 1 1 1 1 0.5868544600938967 123.908997
0 0 0 0 0 0 1 0.6613756613756614 7.11284
0 0 0 0 1 1 1 0.5555555555555556 100.220001
0 0 0 0 0 0 0 0.8333333333333334 0.0
0 0 0 0 0 0 0 1.4992503748125936 0.0
0 0 0 0 0 0 1 1.0 11.1208
0 0 0 0 0 0 1 2.0 19.6637
0 0 0 0 0 0 0 0.5555555555555556 0.0
1 1 1 1 1 1 1 2.0 760.719971
0 0 0 0 0 0 1 0.8333333333333334 11.6565
0 0 0 0 0 0 1 0.5868544600938967 7.56867
0 0 0 0 0 0 0 1.0 0.0
0 0 0 0 0 0 1 0.8333333333333334 9.19479
0 0 0 0 0 1 1 0.5555555555555556 58.1744
0 0 1 1 1 1 1 0.6613756613756614 156.886993
0 0 0 0 0 0 0 0.6613756613756614 0.0